2 1 0.270508 0.546181 0.146484 0.318750
2 2 0.273242 0.454167 0.141016 0.251389
2 3 0.219141 0.900000 0.064062 0.095833
2 4 0.163086 0.157986 0.083984 0.096528
2 5 0.242578 0.897569 0.060156 0.146528
2 6 0.110156 0.671181 0.100781 0.196528
2 7 0.290820 0.754514 0.101172 0.115972
2 8 0.078711 0.643056 0.101953 0.176389
2 9 0.215625 0.257639 0.063281 0.140278
2 10 0.253906 0.227431 0.073438 0.282639
2 11 0.913086 0.782986 0.173047 0.117361
2 12 0.878906 0.880903 0.200781 0.120139
2 13 0.975977 0.574306 0.047266 0.069444
2 14 0.730078 0.870139 0.083594 0.086111
2 15 0.735938 0.623264 0.094531 0.064583
2 16 0.020313 0.300694 0.040625 0.100000
2 27 0.289062 0.666667 0.053906 0.050000