2 1 0.245703 0.599306 0.152344 0.306944
2 2 0.236523 0.471528 0.125391 0.280556
2 3 0.227734 0.914931 0.085938 0.104861
2 4 0.165430 0.156944 0.109766 0.080556
2 5 0.229102 0.919444 0.034766 0.159722
2 6 0.116797 0.651042 0.099219 0.182639
2 7 0.299023 0.735764 0.098047 0.134028
2 8 0.084180 0.630556 0.105078 0.179167
2 9 0.198242 0.269097 0.098047 0.140972
2 10 0.228906 0.245139 0.056250 0.286111
2 11 0.939063 0.752431 0.121094 0.149306
2 12 0.908789 0.862847 0.181641 0.109028
2 14 0.738281 0.839236 0.094531 0.110417
2 15 0.749609 0.598264 0.109375 0.056250
2 16 0.024414 0.255903 0.048828 0.145139
2 27 0.288867 0.672569 0.066016 0.034028