2 1 0.046094 0.938542 0.067187 0.121528
2 4 0.166797 0.110417 0.100781 0.147222
2 6 0.084375 0.530208 0.116406 0.118750
2 7 0.263867 0.700694 0.100391 0.176389
2 8 0.058398 0.550000 0.108203 0.147222
2 9 0.141602 0.338542 0.145703 0.129861
2 10 0.119141 0.435764 0.156250 0.136806
2 14 0.745313 0.774653 0.059375 0.078472
2 15 0.748633 0.566319 0.105078 0.079861
2 16 0.057813 0.179167 0.115625 0.097222
2 24 0.033984 0.686458 0.066406 0.063194
2 25 0.541406 0.599653 0.100000 0.075694
2 27 0.244336 0.709028 0.098828 0.055556
2 28 0.613867 0.309375 0.051953 0.157639
2 29 0.771094 0.598611 0.082812 0.059722