2 1 0.304297 0.495486 0.140625 0.327083
2 2 0.329102 0.441319 0.143359 0.211806
2 3 0.217188 0.857639 0.036719 0.115278
2 4 0.164648 0.165278 0.065234 0.087500
2 5 0.272070 0.879514 0.083203 0.107639
2 6 0.107617 0.699306 0.096484 0.197222
2 7 0.287695 0.771181 0.101172 0.117361
2 8 0.076367 0.675694 0.091797 0.177778
2 9 0.227148 0.247569 0.055078 0.136806
2 10 0.287500 0.206250 0.081250 0.245833
2 11 0.893945 0.814236 0.211328 0.160417
2 12 0.835938 0.884375 0.210156 0.093750
2 13 0.971289 0.593056 0.056641 0.094444
2 14 0.716797 0.875694 0.080469 0.073611
2 15 0.728906 0.629861 0.102344 0.077778
2 16 0.013281 0.382292 0.026562 0.110417
2 27 0.295312 0.656944 0.035156 0.084722