2 1 0.351562 0.463194 0.138281 0.277778
2 2 0.372461 0.391319 0.167578 0.167361
2 3 0.218359 0.836458 0.019531 0.077083
2 4 0.155664 0.158333 0.036328 0.077778
2 5 0.280664 0.818056 0.080859 0.148611
2 6 0.101172 0.713889 0.076563 0.194444
2 7 0.277734 0.776389 0.094531 0.108333
2 8 0.066992 0.698264 0.068359 0.192361
2 9 0.252930 0.221528 0.085547 0.145833
2 10 0.300195 0.164583 0.080078 0.220833
2 11 0.849219 0.787847 0.225000 0.111806
2 12 0.793945 0.844097 0.194922 0.093750
2 13 0.962500 0.596875 0.074219 0.195139
2 14 0.693359 0.867361 0.078906 0.068056
2 15 0.703906 0.616667 0.095312 0.073611