2 1 0.148828 0.779514 0.138281 0.309028
2 2 0.116211 0.642708 0.125391 0.346528
2 3 0.218750 0.951389 0.128906 0.084722
2 4 0.136523 0.156597 0.123047 0.095139
2 6 0.094531 0.615625 0.107813 0.192361
2 7 0.273242 0.706250 0.094922 0.165278
2 8 0.062500 0.605556 0.103906 0.191667
2 9 0.144141 0.306250 0.134375 0.127778
2 10 0.141797 0.337847 0.125000 0.220139
2 12 0.949219 0.779861 0.100781 0.131944
2 14 0.738867 0.752431 0.080859 0.104861
2 15 0.729297 0.527431 0.107031 0.060417
2 27 0.258008 0.672917 0.069922 0.048611
2 28 0.666992 0.234375 0.044141 0.102083
2 29 0.766211 0.538542 0.068359 0.043750