2 4 0.221875 0.053819 0.138281 0.092361
2 6 0.129102 0.494792 0.064453 0.181250
2 7 0.309570 0.661111 0.099609 0.163889
2 8 0.088477 0.461458 0.104297 0.128472
2 9 0.193750 0.320139 0.154688 0.133333
2 10 0.167383 0.423958 0.155078 0.136806
2 14 0.803125 0.733333 0.069531 0.045833
2 15 0.799023 0.555556 0.105078 0.095833
2 16 0.104102 0.162847 0.144141 0.102083
2 19 0.047266 0.615625 0.094531 0.081250
2 24 0.076367 0.671875 0.148828 0.084028
2 25 0.596484 0.587500 0.110937 0.081944
2 27 0.280078 0.695833 0.100781 0.047222
2 28 0.635156 0.327083 0.048438 0.168056
2 29 0.817969 0.587847 0.078906 0.063194