2 1 0.350195 0.465625 0.138672 0.277083
2 2 0.372852 0.389583 0.167578 0.165278
2 3 0.218164 0.835764 0.021484 0.085417
2 4 0.157422 0.159375 0.035156 0.075694
2 5 0.281250 0.820833 0.082031 0.150000
2 6 0.102734 0.711806 0.073438 0.195833
2 7 0.279687 0.775347 0.096875 0.109028
2 8 0.068359 0.695486 0.070312 0.190972
2 9 0.253125 0.223264 0.086719 0.146528
2 10 0.299805 0.163889 0.079297 0.216667
2 11 0.852344 0.789931 0.222656 0.115972
2 12 0.797461 0.847569 0.196484 0.093750
2 13 0.962500 0.594792 0.075000 0.196528
2 14 0.695312 0.864583 0.078125 0.065278
2 15 0.708789 0.618056 0.096484 0.075000