2 1 0.184570 0.643056 0.136328 0.333333
2 2 0.178320 0.559722 0.113672 0.276389
2 3 0.215820 0.916667 0.113672 0.105556
2 4 0.148438 0.134028 0.120313 0.081944
2 5 0.204492 0.949306 0.038672 0.100000
2 6 0.106836 0.610417 0.105078 0.186111
2 7 0.286523 0.700000 0.093359 0.140278
2 8 0.072461 0.595139 0.103516 0.184722
2 9 0.172070 0.268056 0.124609 0.119444
2 10 0.192578 0.259722 0.079687 0.273611
2 11 0.966406 0.734375 0.066406 0.134028
2 12 0.933203 0.808681 0.133594 0.088194
2 14 0.737891 0.778819 0.089063 0.110417
2 15 0.747070 0.548958 0.131641 0.068750
2 27 0.276562 0.644792 0.057813 0.038194
2 28 0.717578 0.205556 0.067187 0.133333