2 1 0.179492 0.655556 0.137109 0.329167
2 2 0.171484 0.573611 0.110156 0.273611
2 3 0.218359 0.919792 0.113281 0.104861
2 4 0.147266 0.134722 0.120313 0.080556
2 5 0.199023 0.957986 0.039453 0.082639
2 6 0.105273 0.606944 0.100391 0.184722
2 7 0.283984 0.700000 0.095312 0.147222
2 8 0.072461 0.594792 0.103516 0.185417
2 9 0.167773 0.273611 0.123047 0.122222
2 10 0.181055 0.270486 0.092578 0.257639
2 11 0.972266 0.727083 0.055469 0.129167
2 12 0.933594 0.804514 0.132031 0.088194
2 14 0.741797 0.772569 0.085156 0.099306
2 15 0.739453 0.544792 0.123438 0.070139
2 27 0.279492 0.656944 0.066016 0.062500
2 28 0.708008 0.211111 0.062891 0.125000