2 1 0.217578 0.604861 0.146094 0.325000
2 2 0.213672 0.500000 0.126562 0.294444
2 3 0.223438 0.911806 0.098437 0.106944
2 4 0.165820 0.144444 0.122266 0.069444
2 5 0.215625 0.927083 0.028125 0.144444
2 6 0.115234 0.631250 0.101562 0.184722
2 7 0.295117 0.721528 0.095703 0.141667
2 8 0.081250 0.612500 0.103906 0.181944
2 9 0.192969 0.266319 0.104688 0.127083
2 10 0.216602 0.247222 0.067578 0.283333
2 11 0.949805 0.732292 0.099609 0.167361
2 12 0.918945 0.843403 0.161328 0.107639
2 14 0.737695 0.813889 0.091797 0.100000
2 15 0.750195 0.576389 0.114453 0.058333
2 16 0.025195 0.215972 0.048828 0.137500
2 27 0.285547 0.655208 0.057813 0.032639