2 1 0.330664 0.486111 0.142578 0.309722
2 2 0.352734 0.425694 0.160156 0.184722
2 3 0.220703 0.850694 0.028906 0.093056
2 4 0.164648 0.156597 0.055078 0.086806
2 5 0.279102 0.858333 0.083203 0.113889
2 6 0.102539 0.704861 0.097266 0.198611
2 7 0.286914 0.771528 0.100391 0.116667
2 8 0.073828 0.685417 0.082812 0.183333
2 9 0.233789 0.237500 0.058203 0.136111
2 10 0.295508 0.190278 0.083203 0.240278
2 11 0.882031 0.807639 0.225000 0.147222
2 12 0.823438 0.871181 0.203125 0.090972
2 13 0.971094 0.595833 0.057031 0.140278
2 14 0.707812 0.872569 0.067187 0.074306
2 15 0.726172 0.623958 0.100781 0.082639
2 16 0.008203 0.409028 0.016406 0.113889
2 27 0.297461 0.643403 0.030078 0.081250