2 1 0.275781 0.529167 0.142187 0.311111
2 2 0.293945 0.451736 0.157422 0.243750
2 3 0.216016 0.890625 0.057031 0.103472
2 4 0.160547 0.159028 0.077344 0.095833
2 5 0.249805 0.892708 0.064453 0.127083
2 6 0.107813 0.682292 0.097656 0.199306
2 7 0.290234 0.762153 0.099219 0.117361
2 8 0.074219 0.655903 0.103906 0.175694
2 9 0.213086 0.251389 0.051172 0.145833
2 10 0.266797 0.223958 0.071875 0.278472
2 11 0.906250 0.793750 0.187500 0.129167
2 12 0.863086 0.881250 0.204297 0.113889
2 13 0.973242 0.580903 0.053516 0.072917
2 14 0.723242 0.876736 0.085547 0.086806
2 15 0.728125 0.627431 0.094531 0.067361
2 16 0.017578 0.326042 0.035156 0.099306
2 27 0.285938 0.661806 0.047656 0.052778