2 1 0.208594 0.607292 0.143750 0.328472
2 2 0.206836 0.510417 0.129297 0.293056
2 3 0.222070 0.910069 0.101172 0.109028
2 4 0.163086 0.139931 0.124609 0.057639
2 5 0.212500 0.928819 0.026562 0.140972
2 6 0.114062 0.627778 0.102344 0.186111
2 7 0.292969 0.716667 0.094531 0.141667
2 8 0.079883 0.608333 0.105859 0.183333
2 9 0.189453 0.264583 0.110156 0.122222
2 10 0.212500 0.250000 0.068750 0.270833
2 11 0.953711 0.750694 0.091797 0.126389
2 12 0.919727 0.838194 0.159766 0.102778
2 14 0.736328 0.810069 0.089844 0.100694
2 15 0.751563 0.571181 0.119531 0.057639
2 16 0.026758 0.203819 0.051172 0.128472
2 27 0.279687 0.654861 0.053906 0.034722