2 4 0.209570 0.064236 0.122266 0.103472
2 6 0.119531 0.489583 0.078125 0.193056
2 7 0.300391 0.669792 0.097656 0.174306
2 8 0.082031 0.463194 0.113281 0.131944
2 9 0.187109 0.317014 0.154688 0.139583
2 10 0.159766 0.425694 0.155469 0.130556
2 14 0.790625 0.737847 0.066406 0.047917
2 15 0.789062 0.560764 0.107813 0.090972
2 16 0.094727 0.164583 0.145703 0.106944
2 19 0.041211 0.626042 0.082422 0.065972
2 24 0.069336 0.673958 0.135547 0.081250
2 25 0.588086 0.584028 0.108984 0.079167
2 27 0.275586 0.696875 0.101953 0.047917
2 28 0.633398 0.316319 0.048047 0.174306
2 29 0.813086 0.593750 0.077734 0.059722