2 1 0.200391 0.610764 0.143750 0.342361
2 2 0.200586 0.522569 0.127734 0.295139
2 3 0.220117 0.912153 0.105078 0.104861
2 4 0.158594 0.137153 0.117969 0.070139
2 5 0.210156 0.932639 0.032031 0.133333
2 6 0.111523 0.619444 0.105078 0.188889
2 7 0.290625 0.710417 0.093750 0.137500
2 8 0.076758 0.601389 0.106641 0.184722
2 9 0.184570 0.261806 0.116016 0.125000
2 10 0.202930 0.247222 0.075391 0.275000
2 11 0.956641 0.738194 0.085938 0.134722
2 12 0.921875 0.831250 0.155469 0.094444
2 14 0.735742 0.797222 0.089453 0.104167
2 15 0.751172 0.564236 0.121875 0.067361
2 16 0.025000 0.195833 0.050000 0.143056
2 27 0.277344 0.645486 0.051562 0.038194
2 28 0.727539 0.225694 0.059766 0.119444