2 1 0.056641 0.938889 0.078125 0.120833
2 4 0.152344 0.119792 0.109375 0.147917
2 6 0.076172 0.556597 0.121875 0.127083
2 7 0.258008 0.707986 0.098828 0.177083
2 8 0.055273 0.561111 0.103516 0.147222
2 9 0.133984 0.339583 0.144531 0.122222
2 10 0.115625 0.432639 0.152344 0.134722
2 14 0.745117 0.773611 0.056641 0.079167
2 15 0.740820 0.567708 0.105859 0.075694
2 16 0.052930 0.179861 0.102734 0.098611
2 24 0.027148 0.695486 0.053516 0.057639
2 25 0.528320 0.605556 0.109766 0.059722
2 27 0.241406 0.706944 0.103125 0.059722
2 28 0.611719 0.318056 0.051562 0.158333
2 29 0.763672 0.593056 0.084375 0.052778