2 1 0.319336 0.489931 0.139453 0.318750
2 2 0.341016 0.434375 0.149219 0.197917
2 3 0.219531 0.863889 0.032813 0.083333
2 4 0.164844 0.162847 0.060937 0.085417
2 5 0.277539 0.867708 0.082422 0.110417
2 6 0.106445 0.703125 0.094922 0.197917
2 7 0.287891 0.769097 0.101562 0.114583
2 8 0.075000 0.681250 0.088281 0.180556
2 9 0.231641 0.242014 0.057031 0.136806
2 10 0.293164 0.197222 0.085547 0.241667
2 11 0.888086 0.811806 0.220703 0.155556
2 12 0.829492 0.878472 0.205859 0.088889
2 13 0.972656 0.600000 0.054688 0.113889
2 14 0.709570 0.873264 0.071484 0.075694
2 15 0.729297 0.626736 0.103906 0.081250
2 16 0.009961 0.399653 0.019922 0.115972
2 27 0.295117 0.648264 0.038672 0.078472