2 1 0.353125 0.461111 0.138281 0.277778
2 2 0.376367 0.385069 0.169922 0.159028
2 3 0.216992 0.831597 0.020703 0.079861
2 4 0.153711 0.157639 0.037891 0.079167
2 5 0.279492 0.815625 0.079297 0.146528
2 6 0.097852 0.716319 0.076172 0.193750
2 7 0.275000 0.778819 0.096875 0.104861
2 8 0.065820 0.700000 0.066016 0.193056
2 9 0.253711 0.215972 0.090234 0.147222
2 10 0.301563 0.159028 0.082031 0.218056
2 11 0.842578 0.785417 0.221875 0.116667
2 12 0.788867 0.838542 0.194141 0.099306
2 13 0.958594 0.597569 0.082031 0.199306
2 14 0.691016 0.870139 0.079687 0.070833
2 15 0.700977 0.615278 0.094141 0.075000