2 1 0.267773 0.565625 0.154297 0.318750
2 2 0.265430 0.455903 0.148047 0.267361
2 3 0.221289 0.905208 0.066016 0.092361
2 4 0.164648 0.160417 0.091797 0.090278
2 5 0.237305 0.901389 0.053516 0.155556
2 6 0.111523 0.666667 0.099609 0.193056
2 7 0.293750 0.752778 0.096875 0.119444
2 8 0.078125 0.640625 0.105469 0.178472
2 9 0.208789 0.257986 0.069922 0.136806
2 10 0.248633 0.229167 0.056641 0.288889
2 11 0.919336 0.778125 0.160547 0.120139
2 12 0.890820 0.875694 0.201172 0.122222
2 13 0.979883 0.568056 0.039453 0.062500
2 14 0.732031 0.865625 0.086719 0.089583
2 15 0.739648 0.618750 0.105859 0.065278
2 16 0.020313 0.291319 0.040625 0.115972
2 27 0.289844 0.672222 0.060156 0.038889