2 1 0.286719 0.512847 0.141406 0.310417
2 2 0.307227 0.450694 0.130859 0.208333
2 3 0.214062 0.875000 0.043750 0.109722
2 4 0.160742 0.164583 0.073047 0.091667
2 5 0.259961 0.894444 0.085547 0.106944
2 6 0.106250 0.689583 0.100781 0.194444
2 7 0.286523 0.767708 0.098828 0.118750
2 8 0.074219 0.665278 0.094531 0.177778
2 9 0.218164 0.250347 0.051953 0.143750
2 10 0.278320 0.215278 0.076953 0.265278
2 11 0.900781 0.806944 0.198437 0.141667
2 12 0.847656 0.886458 0.206250 0.102083
2 13 0.969141 0.586458 0.061719 0.075694
2 14 0.715430 0.879167 0.086328 0.079167
2 15 0.725977 0.628472 0.096484 0.080556
2 16 0.015430 0.355208 0.030859 0.103472
2 27 0.288477 0.660069 0.039453 0.064583