2 1 0.167383 0.708333 0.138672 0.319444
2 2 0.138086 0.615278 0.105859 0.306944
2 3 0.221875 0.932639 0.114844 0.090278
2 4 0.144922 0.142014 0.121875 0.085417
2 5 0.191602 0.968403 0.033203 0.061806
2 6 0.100391 0.611111 0.103906 0.191667
2 7 0.279297 0.697569 0.093750 0.150694
2 8 0.068750 0.598958 0.100000 0.182639
2 9 0.157227 0.290972 0.131641 0.112500
2 10 0.165234 0.297222 0.101562 0.243056
2 12 0.939063 0.793403 0.121094 0.093750
2 14 0.737305 0.757292 0.082422 0.106250
2 15 0.733203 0.531597 0.107031 0.047917
2 27 0.269922 0.664931 0.064062 0.067361
2 28 0.694727 0.221181 0.059766 0.118750