2 1 0.103906 0.837500 0.096875 0.323611
2 2 0.065820 0.746528 0.130078 0.313889
2 3 0.219922 0.984028 0.141406 0.031944
2 4 0.131445 0.156597 0.125391 0.092361
2 6 0.090039 0.613542 0.094141 0.175694
2 7 0.263672 0.709375 0.093750 0.174306
2 8 0.051562 0.605556 0.103906 0.191667
2 9 0.136328 0.314931 0.132812 0.145139
2 10 0.131250 0.384722 0.129688 0.187500
2 12 0.972461 0.800347 0.055078 0.128472
2 14 0.733594 0.739236 0.071094 0.106250
2 15 0.725586 0.536111 0.114453 0.070833
2 16 0.031055 0.155903 0.062109 0.084028
2 25 0.530273 0.581944 0.069922 0.061111
2 27 0.250000 0.679167 0.078906 0.051389
2 28 0.644336 0.247569 0.051953 0.127083
2 29 0.762695 0.551736 0.082422 0.049306