2 1 0.233984 0.601389 0.148438 0.315278
2 2 0.227734 0.482639 0.125781 0.287500
2 3 0.226367 0.914583 0.090234 0.102778
2 4 0.167578 0.151389 0.116406 0.080556
2 5 0.222461 0.923264 0.031641 0.152083
2 6 0.116406 0.640278 0.100000 0.183333
2 7 0.299609 0.731597 0.097656 0.140972
2 8 0.082617 0.621181 0.102734 0.179861
2 9 0.197461 0.269444 0.098828 0.134722
2 10 0.224023 0.245833 0.062109 0.281944
2 11 0.944727 0.742014 0.110547 0.160417
2 12 0.916406 0.853125 0.167187 0.111806
2 14 0.739844 0.826389 0.095312 0.106944
2 15 0.750000 0.588542 0.107813 0.057639
2 16 0.024609 0.242708 0.048438 0.143750
2 27 0.290039 0.662847 0.060547 0.036806