2 4 0.196094 0.083681 0.103125 0.124306
2 6 0.114453 0.488542 0.096875 0.185417
2 7 0.291406 0.675000 0.100000 0.177778
2 8 0.074219 0.475000 0.121094 0.120833
2 9 0.178125 0.321875 0.149219 0.146528
2 10 0.148633 0.431250 0.153516 0.133333
2 14 0.780469 0.743056 0.064062 0.055556
2 15 0.777930 0.565972 0.107422 0.093056
2 16 0.083984 0.166667 0.144531 0.101389
2 19 0.031836 0.629167 0.063672 0.056944
2 24 0.059180 0.677083 0.115234 0.076389
2 25 0.569727 0.591319 0.119141 0.079861
2 27 0.268164 0.704514 0.105078 0.040972
2 28 0.627344 0.317708 0.049219 0.179861
2 29 0.805273 0.594444 0.076172 0.058333