2 1 0.334961 0.486111 0.145703 0.305556
2 2 0.354687 0.423611 0.157812 0.186111
2 3 0.221289 0.850694 0.026953 0.087500
2 4 0.164258 0.158333 0.052734 0.080556
2 5 0.280078 0.848264 0.083594 0.127083
2 6 0.104688 0.707292 0.089844 0.199306
2 7 0.285156 0.772569 0.099219 0.117361
2 8 0.073242 0.686806 0.082422 0.186111
2 9 0.234375 0.236806 0.058594 0.134722
2 10 0.296289 0.188194 0.080078 0.241667
2 11 0.878906 0.804861 0.225000 0.140278
2 12 0.820312 0.867361 0.203125 0.098611
2 13 0.969922 0.590278 0.059375 0.156944
2 14 0.705469 0.874653 0.067187 0.068750
2 15 0.723437 0.622222 0.097656 0.079167
2 16 0.008203 0.410417 0.016406 0.112500
2 27 0.298047 0.645139 0.029687 0.086111