2 1 0.175977 0.673264 0.140234 0.328472
2 2 0.162305 0.589931 0.114453 0.281250
2 3 0.219336 0.924306 0.113672 0.100000
2 4 0.146875 0.135069 0.120313 0.079861
2 5 0.195898 0.959028 0.038672 0.080556
2 6 0.103516 0.607986 0.101562 0.186806
2 7 0.283984 0.700347 0.096094 0.149306
2 8 0.071094 0.596528 0.102344 0.184722
2 9 0.162500 0.277431 0.128125 0.115972
2 10 0.176367 0.279167 0.094922 0.252778
2 11 0.973828 0.723958 0.051562 0.124306
2 12 0.933984 0.802431 0.131250 0.088194
2 14 0.741016 0.765972 0.077344 0.101389
2 15 0.734570 0.545486 0.112109 0.074306
2 27 0.271680 0.660069 0.069141 0.063194
2 28 0.703516 0.210764 0.064062 0.131250