2 1 0.278516 0.520833 0.143750 0.315278
2 2 0.294727 0.453819 0.144141 0.229861
2 3 0.214258 0.887847 0.050391 0.106250
2 4 0.160156 0.160764 0.074219 0.093750
2 5 0.251953 0.894792 0.067187 0.121528
2 6 0.106055 0.685069 0.101172 0.195139
2 7 0.287305 0.764583 0.098828 0.118056
2 8 0.073242 0.660417 0.098047 0.176389
2 9 0.213672 0.250347 0.050781 0.145139
2 10 0.271484 0.220486 0.075000 0.271528
2 11 0.903906 0.799306 0.192188 0.131944
2 12 0.854688 0.881944 0.203125 0.101389
2 13 0.971289 0.584722 0.057422 0.072222
2 14 0.720898 0.879861 0.081641 0.084722
2 15 0.727539 0.627778 0.091016 0.075000
2 16 0.017578 0.335764 0.035156 0.097917
2 27 0.284961 0.663542 0.049609 0.057639