2 1 0.275977 0.526389 0.145703 0.309722
2 2 0.294336 0.450694 0.153516 0.240278
2 3 0.215039 0.889236 0.053516 0.104861
2 4 0.159766 0.158681 0.075000 0.095139
2 5 0.250977 0.894097 0.066016 0.124306
2 6 0.107031 0.684028 0.099219 0.197222
2 7 0.288867 0.762847 0.098828 0.117361
2 8 0.073633 0.657986 0.101172 0.175694
2 9 0.213867 0.249306 0.051172 0.144444
2 10 0.268750 0.221875 0.072656 0.278472
2 11 0.905664 0.796181 0.187891 0.134028
2 12 0.860742 0.880556 0.204297 0.111111
2 13 0.972852 0.582292 0.053516 0.072917
2 14 0.722266 0.878472 0.083594 0.086111
2 15 0.728125 0.628125 0.092188 0.067361
2 16 0.018359 0.328125 0.036719 0.095139
2 27 0.286719 0.662500 0.053906 0.058333