2 1 0.081250 0.856597 0.075000 0.285417
2 2 0.056641 0.804167 0.113281 0.275000
2 4 0.131445 0.143403 0.124609 0.092361
2 6 0.087695 0.612500 0.089453 0.166667
2 7 0.252930 0.710069 0.095703 0.170139
2 8 0.049805 0.605556 0.097266 0.202778
2 9 0.138477 0.315278 0.129297 0.154167
2 10 0.130273 0.392361 0.125391 0.180556
2 12 0.980664 0.804861 0.037891 0.105556
2 14 0.730859 0.750694 0.066406 0.088889
2 15 0.725000 0.548611 0.119531 0.075000
2 16 0.035156 0.168403 0.069531 0.081250
2 25 0.524414 0.592708 0.080859 0.050694
2 27 0.248047 0.690625 0.087500 0.050694
2 28 0.633008 0.265972 0.047266 0.125000
2 29 0.755859 0.562847 0.077344 0.047917