2 1 0.059961 0.926389 0.107422 0.145833
2 4 0.142383 0.127083 0.121484 0.129167
2 6 0.076758 0.590625 0.112891 0.143750
2 7 0.252734 0.710764 0.099219 0.181250
2 8 0.050391 0.580556 0.100000 0.163889
2 9 0.132617 0.329861 0.137109 0.147222
2 10 0.115820 0.414236 0.142578 0.161806
2 14 0.740430 0.762847 0.046484 0.071528
2 15 0.729688 0.567708 0.107813 0.075694
2 16 0.046289 0.182639 0.090234 0.095833
2 25 0.526172 0.614236 0.099219 0.054861
2 27 0.236914 0.709722 0.091016 0.052778
2 28 0.617188 0.305903 0.057813 0.143750
2 29 0.756836 0.582986 0.085547 0.038194