2 1 0.130078 0.828472 0.130469 0.318056
2 2 0.090625 0.678472 0.125781 0.347222
2 3 0.220898 0.963889 0.134766 0.070833
2 4 0.131055 0.163194 0.123828 0.094444
2 6 0.088477 0.622917 0.098047 0.188889
2 7 0.267969 0.706250 0.093750 0.169444
2 8 0.057422 0.609028 0.098437 0.188889
2 9 0.139063 0.313542 0.135937 0.131250
2 10 0.134180 0.368403 0.129297 0.190972
2 12 0.962305 0.785764 0.075391 0.153472
2 14 0.734766 0.738889 0.083594 0.108333
2 15 0.729883 0.526389 0.104297 0.066667
2 25 0.533594 0.578819 0.057031 0.054861
2 27 0.261914 0.678125 0.080078 0.045139
2 28 0.658594 0.236111 0.043750 0.097222
2 29 0.762500 0.533681 0.075781 0.052083