2 4 0.180273 0.097569 0.100391 0.143750
2 6 0.094336 0.505556 0.112891 0.154167
2 7 0.274414 0.688542 0.099609 0.175694
2 8 0.064453 0.515278 0.117188 0.133333
2 9 0.159961 0.331944 0.141016 0.122222
2 10 0.133984 0.435069 0.150781 0.139583
2 14 0.762891 0.761806 0.063281 0.054167
2 15 0.758594 0.568403 0.110937 0.086806
2 16 0.066992 0.175694 0.133203 0.093056
2 24 0.044531 0.682292 0.087500 0.068750
2 25 0.547852 0.596528 0.116797 0.068056
2 27 0.253125 0.710069 0.101562 0.045139
2 28 0.617773 0.322222 0.052734 0.184722
2 29 0.784375 0.600347 0.081250 0.057639