2 4 0.177344 0.100694 0.100000 0.144444
2 6 0.090039 0.511806 0.116797 0.141667
2 7 0.270508 0.690972 0.098047 0.176389
2 8 0.062695 0.523264 0.116797 0.136806
2 9 0.158008 0.331597 0.134766 0.125694
2 10 0.130273 0.435764 0.148047 0.140972
2 14 0.759570 0.766667 0.065234 0.056944
2 15 0.755664 0.569097 0.109766 0.086806
2 16 0.064258 0.176042 0.126172 0.095139
2 24 0.041992 0.682986 0.082422 0.067361
2 25 0.551172 0.603819 0.113281 0.070139
2 27 0.250391 0.706944 0.100000 0.051389
2 28 0.616602 0.321875 0.056641 0.175694
2 29 0.776953 0.606250 0.091406 0.070833