2 4 0.213867 0.057292 0.128516 0.096528
2 6 0.121484 0.493403 0.074219 0.186806
2 7 0.305273 0.665972 0.098828 0.169444
2 8 0.085156 0.462153 0.108594 0.129861
2 9 0.189062 0.319097 0.155469 0.135417
2 10 0.162305 0.422917 0.156641 0.133333
2 14 0.796875 0.736111 0.067969 0.047222
2 15 0.794336 0.558681 0.106641 0.093750
2 16 0.099414 0.164236 0.144922 0.104861
2 19 0.044141 0.615625 0.088281 0.088194
2 24 0.073047 0.672569 0.142187 0.082639
2 25 0.592578 0.586111 0.110156 0.080556
2 27 0.278125 0.696875 0.101562 0.047917
2 28 0.634766 0.325000 0.051562 0.169444
2 29 0.814844 0.590625 0.081250 0.061806