2 1 0.187109 0.628472 0.135937 0.336111
2 2 0.185352 0.546875 0.120703 0.290972
2 3 0.214844 0.914583 0.114062 0.105556
2 4 0.148828 0.133681 0.120313 0.082639
2 5 0.207031 0.942014 0.036719 0.114583
2 6 0.107617 0.612153 0.107422 0.186806
2 7 0.288086 0.701736 0.093359 0.142361
2 8 0.072461 0.594792 0.103516 0.184028
2 9 0.175977 0.262153 0.120703 0.120139
2 10 0.195312 0.255208 0.080469 0.272917
2 11 0.962695 0.738889 0.073828 0.134722
2 12 0.931055 0.810764 0.137109 0.088194
2 14 0.737305 0.783333 0.090234 0.108333
2 15 0.750000 0.553125 0.128125 0.071528
2 27 0.273828 0.643750 0.057031 0.044444
2 28 0.720508 0.210417 0.069141 0.131944