2 1 0.265039 0.572917 0.155078 0.312500
2 2 0.256836 0.457292 0.135547 0.268750
2 3 0.223828 0.907639 0.065625 0.093056
2 4 0.165625 0.161806 0.099219 0.083333
2 5 0.233008 0.909375 0.048047 0.167361
2 6 0.113281 0.661806 0.098437 0.187500
2 7 0.294727 0.751042 0.097266 0.122917
2 8 0.078906 0.637500 0.106250 0.180556
2 9 0.204102 0.261806 0.080859 0.145833
2 10 0.243945 0.234028 0.053516 0.287500
2 11 0.924219 0.771181 0.150781 0.128472
2 12 0.897852 0.876736 0.197266 0.115972
2 14 0.734180 0.859722 0.090234 0.094444
2 15 0.736914 0.610764 0.099609 0.056250
2 16 0.020898 0.291667 0.041797 0.116667
2 27 0.286914 0.677083 0.066797 0.036111