2 1 0.090820 0.842014 0.085547 0.314583
2 2 0.061523 0.772917 0.123047 0.302778
2 4 0.131836 0.148958 0.125391 0.092361
2 6 0.089258 0.616667 0.090234 0.177778
2 7 0.260547 0.707986 0.096094 0.175694
2 8 0.051953 0.604514 0.102344 0.200694
2 9 0.137109 0.314931 0.134375 0.156250
2 10 0.130469 0.388194 0.127344 0.180556
2 12 0.974805 0.804861 0.049609 0.118056
2 14 0.734180 0.743403 0.070703 0.095139
2 15 0.734766 0.538889 0.097656 0.063889
2 16 0.032422 0.163889 0.064844 0.077778
2 25 0.530859 0.590972 0.064062 0.052778
2 27 0.249023 0.689583 0.078516 0.048611
2 28 0.634375 0.259028 0.050000 0.123611
2 29 0.759961 0.555208 0.080859 0.039583