2 1 0.079687 0.877778 0.082031 0.243056
2 2 0.051953 0.837153 0.101562 0.274306
2 4 0.133789 0.138542 0.126172 0.099306
2 6 0.087109 0.611458 0.093750 0.159028
2 7 0.257422 0.710417 0.096094 0.169444
2 8 0.049219 0.602083 0.096094 0.197222
2 9 0.139844 0.319444 0.132031 0.158333
2 10 0.126367 0.394792 0.131641 0.185417
2 14 0.731250 0.754514 0.064062 0.084028
2 15 0.725586 0.558333 0.112109 0.077778
2 16 0.037695 0.172222 0.074609 0.083333
2 25 0.525195 0.594097 0.092578 0.050694
2 27 0.240625 0.698264 0.087500 0.059028
2 28 0.625391 0.282292 0.047656 0.145139
2 29 0.754297 0.573611 0.085938 0.052778