2 4 0.186523 0.092014 0.101172 0.138194
2 6 0.099219 0.500000 0.113281 0.162500
2 7 0.279297 0.686806 0.100781 0.176389
2 8 0.067187 0.501736 0.117969 0.118750
2 9 0.164453 0.328819 0.142969 0.124306
2 10 0.139258 0.433333 0.151172 0.136111
2 14 0.766992 0.760069 0.068359 0.052083
2 15 0.765039 0.570486 0.106641 0.089583
2 16 0.072070 0.173264 0.135547 0.102083
2 19 0.023438 0.633681 0.046875 0.039583
2 24 0.049805 0.680556 0.097266 0.072222
2 25 0.559375 0.598264 0.114844 0.070139
2 27 0.258984 0.711458 0.103125 0.042361
2 28 0.621875 0.314583 0.050781 0.183333
2 29 0.787500 0.600000 0.081250 0.058333