2 1 0.143359 0.795833 0.131250 0.302778
2 2 0.108008 0.655556 0.123828 0.343056
2 3 0.219141 0.957986 0.129688 0.082639
2 4 0.134570 0.159375 0.123047 0.096528
2 6 0.094336 0.617708 0.107422 0.192361
2 7 0.270508 0.708681 0.094141 0.165972
2 8 0.061328 0.606944 0.104688 0.193056
2 9 0.144141 0.306250 0.130469 0.134722
2 10 0.139258 0.347917 0.126172 0.209722
2 12 0.954102 0.775000 0.091016 0.148611
2 14 0.737500 0.747222 0.079687 0.105556
2 15 0.728125 0.525347 0.110937 0.060417
2 27 0.262305 0.677083 0.083984 0.044444
2 28 0.664844 0.238889 0.042188 0.101389
2 29 0.763477 0.537153 0.071484 0.049306