2 1 0.080664 0.867708 0.078516 0.264583
2 2 0.053320 0.823958 0.106641 0.265972
2 4 0.132617 0.140972 0.125391 0.095833
2 6 0.087695 0.612153 0.091797 0.163194
2 7 0.255469 0.710764 0.096094 0.170139
2 8 0.049609 0.603472 0.096875 0.200000
2 9 0.139258 0.317708 0.130859 0.156250
2 10 0.128320 0.393750 0.128516 0.183333
2 14 0.730078 0.753125 0.064062 0.086806
2 15 0.725586 0.553472 0.116016 0.076389
2 16 0.036719 0.168056 0.072656 0.086111
2 25 0.520703 0.597569 0.085938 0.049306
2 27 0.245312 0.694444 0.085938 0.052778
2 28 0.629687 0.275347 0.050000 0.138194
2 29 0.755273 0.568403 0.081641 0.050694