2 4 0.192969 0.086806 0.102344 0.129167
2 6 0.109375 0.495139 0.103125 0.172222
2 7 0.287109 0.678472 0.101562 0.180556
2 8 0.071680 0.480556 0.119922 0.113889
2 9 0.173828 0.324306 0.146875 0.137500
2 10 0.144727 0.432292 0.151172 0.134028
2 14 0.773047 0.749653 0.064062 0.052083
2 15 0.772461 0.567014 0.109766 0.089583
2 16 0.079102 0.171181 0.144922 0.106250
2 19 0.028711 0.628819 0.057422 0.056250
2 24 0.055469 0.677778 0.108594 0.075000
2 25 0.565820 0.594792 0.117578 0.074306
2 27 0.265820 0.705556 0.103516 0.038889
2 28 0.628125 0.314583 0.054688 0.170833
2 29 0.799219 0.597222 0.072656 0.056944