2 4 0.190039 0.088889 0.101953 0.133333
2 6 0.103906 0.501389 0.109375 0.158333
2 7 0.283398 0.682986 0.101172 0.178472
2 8 0.069727 0.491667 0.119141 0.116667
2 9 0.169336 0.326736 0.144141 0.128472
2 10 0.140430 0.432986 0.148828 0.134028
2 14 0.770312 0.755208 0.066406 0.052083
2 15 0.768945 0.568403 0.108203 0.088194
2 16 0.072852 0.172222 0.145703 0.104167
2 19 0.025586 0.628819 0.051172 0.054861
2 24 0.052148 0.679167 0.101953 0.073611
2 25 0.561914 0.598264 0.116016 0.068750
2 27 0.262695 0.708681 0.103516 0.040972
2 28 0.621484 0.321181 0.045312 0.164583
2 29 0.789062 0.600347 0.088281 0.061806