2 4 0.200391 0.077431 0.109375 0.117361
2 6 0.116211 0.487153 0.089453 0.192361
2 7 0.295703 0.671181 0.098437 0.174306
2 8 0.077930 0.470486 0.116797 0.122917
2 9 0.181641 0.318403 0.151562 0.145139
2 10 0.153125 0.429861 0.153906 0.130556
2 14 0.787500 0.739583 0.064062 0.050000
2 15 0.782813 0.564583 0.104688 0.095833
2 16 0.088867 0.167708 0.144141 0.109028
2 19 0.034961 0.629167 0.069922 0.058333
2 24 0.062500 0.675694 0.121875 0.077778
2 25 0.578906 0.589236 0.114062 0.079861
2 27 0.270313 0.702431 0.106250 0.042361
2 28 0.630273 0.318056 0.050391 0.159722
2 29 0.808398 0.598958 0.076953 0.068750