2 1 0.158008 0.743750 0.141797 0.311111
2 2 0.125586 0.628125 0.108203 0.320139
2 3 0.219531 0.937153 0.123438 0.089583
2 4 0.142578 0.148264 0.123438 0.090972
2 6 0.097266 0.612500 0.106250 0.193056
2 7 0.276953 0.700694 0.095312 0.161111
2 8 0.066602 0.601042 0.101953 0.186806
2 9 0.149609 0.301042 0.133594 0.113194
2 10 0.156250 0.313194 0.110156 0.238889
2 12 0.943945 0.785764 0.111328 0.109028
2 14 0.735156 0.753472 0.078125 0.112500
2 15 0.732031 0.530903 0.110937 0.054861
2 27 0.265039 0.667361 0.065234 0.063889
2 28 0.689453 0.219444 0.064062 0.094444