2 1 0.171680 0.691319 0.139453 0.324306
2 2 0.146875 0.605556 0.100781 0.287500
2 3 0.220898 0.928125 0.114453 0.095139
2 4 0.145703 0.138542 0.121094 0.082639
2 5 0.192578 0.960069 0.037500 0.078472
2 6 0.102148 0.610069 0.102734 0.189583
2 7 0.281836 0.699306 0.094922 0.150000
2 8 0.070117 0.597222 0.101172 0.183333
2 9 0.159961 0.284375 0.130078 0.114583
2 10 0.171094 0.287847 0.096875 0.247917
2 11 0.977148 0.718403 0.044922 0.120139
2 12 0.936523 0.798264 0.126172 0.090972
2 14 0.740234 0.759028 0.069531 0.102778
2 15 0.735156 0.538889 0.111719 0.061111
2 27 0.271680 0.659722 0.069922 0.056944
2 28 0.699219 0.214931 0.057813 0.118750