2 1 0.095898 0.840278 0.090234 0.318056
2 2 0.064648 0.755208 0.128516 0.309028
2 3 0.220117 0.989236 0.142578 0.020139
2 4 0.132031 0.153472 0.125781 0.091667
2 6 0.089844 0.614583 0.092969 0.176389
2 7 0.262695 0.709722 0.096484 0.172222
2 8 0.052148 0.604861 0.104297 0.195833
2 9 0.137500 0.315625 0.131250 0.150694
2 10 0.130469 0.387847 0.128906 0.188194
2 12 0.974219 0.798958 0.050781 0.124306
2 14 0.735156 0.738889 0.071875 0.102778
2 15 0.725977 0.540625 0.119141 0.074306
2 16 0.031445 0.157986 0.062891 0.081250
2 25 0.534375 0.587847 0.064844 0.059028
2 27 0.250781 0.687153 0.079687 0.054861
2 28 0.638086 0.256597 0.045703 0.122917
2 29 0.759375 0.550347 0.078125 0.045139