2 1 0.038281 0.937500 0.050781 0.123611
2 4 0.174219 0.103472 0.100000 0.145833
2 6 0.088281 0.519444 0.117188 0.131944
2 7 0.267578 0.695833 0.099219 0.175000
2 8 0.061328 0.531944 0.114062 0.140278
2 9 0.150977 0.334375 0.140234 0.127083
2 10 0.125586 0.436111 0.152734 0.138889
2 14 0.756250 0.771181 0.067187 0.059028
2 15 0.752148 0.569444 0.108203 0.086111
2 16 0.061133 0.175347 0.119141 0.096528
2 24 0.038477 0.684375 0.075391 0.065972
2 25 0.545117 0.602778 0.119922 0.063889
2 27 0.247070 0.703819 0.098047 0.057639
2 28 0.618750 0.314583 0.048438 0.163889
2 29 0.775195 0.602778 0.087109 0.065278