2 1 0.156250 0.747569 0.143750 0.320139
2 2 0.120898 0.634722 0.108984 0.322222
2 3 0.218164 0.939236 0.127734 0.089583
2 4 0.140625 0.151042 0.123438 0.092361
2 6 0.096289 0.613194 0.107422 0.193056
2 7 0.276172 0.702431 0.095312 0.163194
2 8 0.065430 0.602083 0.102734 0.188889
2 9 0.150000 0.303472 0.131250 0.116667
2 10 0.153125 0.319792 0.114062 0.239583
2 12 0.944141 0.785417 0.110937 0.112500
2 14 0.734766 0.750347 0.078906 0.114583
2 15 0.731250 0.530208 0.107031 0.057639
2 27 0.260156 0.667708 0.060937 0.053472
2 28 0.686523 0.223611 0.059766 0.101389