2 1 0.225977 0.602431 0.148047 0.321528
2 2 0.220508 0.489583 0.123828 0.295833
2 3 0.224219 0.913194 0.095312 0.104167
2 4 0.168555 0.148611 0.119922 0.080556
2 5 0.219141 0.925000 0.029687 0.148611
2 6 0.116211 0.634722 0.100391 0.183333
2 7 0.297461 0.726736 0.096484 0.140972
2 8 0.082031 0.616667 0.101562 0.180556
2 9 0.196094 0.267708 0.099219 0.131250
2 10 0.219922 0.243056 0.065625 0.283333
2 11 0.945898 0.734375 0.107422 0.164583
2 12 0.918164 0.848611 0.162891 0.112500
2 14 0.739062 0.820486 0.093750 0.103472
2 15 0.748242 0.580903 0.108984 0.059028
2 16 0.023633 0.232986 0.046484 0.135417
2 27 0.286133 0.662847 0.056641 0.038194