2 1 0.125977 0.831944 0.130078 0.323611
2 2 0.082812 0.692014 0.128125 0.345139
2 3 0.220117 0.968403 0.136328 0.061806
2 4 0.129688 0.164236 0.124219 0.093750
2 6 0.085547 0.624653 0.093750 0.186806
2 7 0.267188 0.705556 0.094531 0.168056
2 8 0.053320 0.608333 0.103516 0.188889
2 9 0.139453 0.312847 0.135156 0.132639
2 10 0.134180 0.372222 0.132422 0.187500
2 12 0.963086 0.794097 0.073047 0.138194
2 14 0.736523 0.741319 0.075391 0.103472
2 15 0.730078 0.526736 0.104688 0.063194
2 25 0.533789 0.582292 0.059766 0.060417
2 27 0.261523 0.681250 0.087109 0.040278
2 28 0.655859 0.242708 0.045312 0.106250
2 29 0.761719 0.529861 0.069531 0.052778