2 1 0.340039 0.482639 0.147266 0.298611
2 2 0.359180 0.419444 0.159766 0.179167
2 3 0.221680 0.850694 0.025391 0.081944
2 4 0.164062 0.157292 0.050781 0.081250
2 5 0.280664 0.845833 0.083984 0.125000
2 6 0.104492 0.709722 0.087109 0.200000
2 7 0.284961 0.773958 0.099609 0.114583
2 8 0.072461 0.688542 0.082422 0.188194
2 9 0.237109 0.233333 0.057813 0.136111
2 10 0.296875 0.183333 0.082031 0.236111
2 11 0.871680 0.799306 0.226172 0.129167
2 12 0.815430 0.861806 0.200391 0.093056
2 13 0.968945 0.590278 0.061328 0.168056
2 14 0.702734 0.876389 0.067187 0.062500
2 15 0.722070 0.622222 0.097266 0.073611