2 1 0.326367 0.485417 0.139453 0.313889
2 2 0.346094 0.430556 0.153906 0.190278
2 3 0.220312 0.850694 0.030469 0.098611
2 4 0.165039 0.161458 0.058203 0.082639
2 5 0.278516 0.858333 0.082812 0.122222
2 6 0.105664 0.703819 0.093359 0.197917
2 7 0.288477 0.769444 0.101172 0.115278
2 8 0.074414 0.683333 0.085547 0.181944
2 9 0.232813 0.238194 0.057813 0.137500
2 10 0.294531 0.192014 0.085938 0.238194
2 11 0.884766 0.810069 0.225000 0.153472
2 12 0.826367 0.875000 0.202734 0.083333
2 13 0.972266 0.601389 0.054688 0.123611
2 14 0.708984 0.872917 0.069531 0.075000
2 15 0.728320 0.624653 0.103516 0.085417
2 16 0.008398 0.407639 0.016797 0.115278
2 27 0.294727 0.645486 0.027734 0.081250