2 1 0.093555 0.841667 0.087891 0.316667
2 2 0.063281 0.757986 0.126562 0.313194
2 3 0.220508 0.989583 0.144141 0.019444
2 4 0.131836 0.150694 0.125391 0.091667
2 6 0.089453 0.615625 0.091406 0.177083
2 7 0.261914 0.709375 0.096484 0.174306
2 8 0.052930 0.603819 0.105078 0.199306
2 9 0.137500 0.315625 0.132812 0.153472
2 10 0.130469 0.388194 0.128125 0.184722
2 12 0.974805 0.802431 0.050391 0.121528
2 14 0.736719 0.738542 0.072656 0.099306
2 15 0.730469 0.540278 0.108594 0.069444
2 16 0.031641 0.159028 0.063281 0.079167
2 25 0.532422 0.588889 0.063281 0.056944
2 27 0.248047 0.690972 0.076563 0.051389
2 28 0.635742 0.257292 0.044141 0.115972
2 29 0.759766 0.553125 0.079687 0.042361