2 4 0.232422 0.041319 0.141406 0.078472
2 6 0.142383 0.493403 0.044922 0.199306
2 7 0.317188 0.654167 0.099219 0.159722
2 8 0.105078 0.445486 0.107031 0.150694
2 9 0.206445 0.324653 0.154297 0.113194
2 10 0.180273 0.421528 0.156641 0.152778
2 14 0.812891 0.732292 0.067187 0.052083
2 15 0.810742 0.551736 0.098828 0.093750
2 16 0.118750 0.162500 0.150781 0.102778
2 19 0.053516 0.614236 0.107031 0.081250
2 24 0.085156 0.668403 0.162500 0.077083
2 25 0.608398 0.578472 0.117578 0.088889
2 27 0.287500 0.692014 0.095312 0.043750
2 28 0.638281 0.331597 0.049219 0.163194
2 29 0.823633 0.590625 0.086328 0.074306