2 1 0.350586 0.478125 0.146484 0.295139
2 2 0.368164 0.406597 0.164453 0.171528
2 3 0.220117 0.842361 0.024609 0.086111
2 4 0.161914 0.158333 0.044141 0.079167
2 5 0.282813 0.831250 0.085938 0.143056
2 6 0.103516 0.711458 0.080469 0.199306
2 7 0.283008 0.774653 0.099609 0.110417
2 8 0.070703 0.692708 0.078125 0.192361
2 9 0.250781 0.227431 0.081250 0.142361
2 10 0.298242 0.173958 0.080859 0.228472
2 11 0.859961 0.792708 0.223828 0.118750
2 12 0.805469 0.853472 0.197656 0.090278
2 13 0.965234 0.591319 0.069531 0.188194
2 14 0.700781 0.871528 0.078906 0.063889
2 15 0.716992 0.620486 0.097266 0.071528