2 4 0.183398 0.094097 0.100391 0.142361
2 6 0.098242 0.498264 0.108984 0.165972
2 7 0.278320 0.685764 0.101172 0.174306
2 8 0.065820 0.506944 0.117578 0.129167
2 9 0.161719 0.330208 0.146875 0.120139
2 10 0.137500 0.433333 0.153125 0.137500
2 14 0.765039 0.761458 0.066016 0.053472
2 15 0.761914 0.569792 0.108984 0.088194
2 16 0.069531 0.174653 0.134375 0.097917
2 24 0.047266 0.681250 0.092188 0.070833
2 25 0.556836 0.597917 0.113672 0.070833
2 27 0.256250 0.710764 0.102344 0.043750
2 28 0.618555 0.320833 0.052734 0.173611
2 29 0.786523 0.601389 0.083203 0.063889