2 1 0.133789 0.824653 0.130859 0.311806
2 2 0.089453 0.676389 0.126562 0.350000
2 3 0.220508 0.963889 0.133203 0.070833
2 4 0.132227 0.162153 0.123828 0.095139
2 6 0.091016 0.621528 0.102344 0.190278
2 7 0.268555 0.706597 0.092578 0.170139
2 8 0.058789 0.608333 0.100391 0.190278
2 9 0.138086 0.313194 0.136328 0.129167
2 10 0.134180 0.363542 0.126172 0.193750
2 12 0.960938 0.776736 0.077344 0.168750
2 14 0.735547 0.740625 0.081250 0.107639
2 15 0.729297 0.525694 0.103906 0.069444
2 27 0.263867 0.680556 0.089453 0.041667
2 28 0.658008 0.233681 0.043359 0.096528
2 29 0.763672 0.534375 0.071094 0.050694