2 1 0.059570 0.927431 0.107422 0.145139
2 4 0.144727 0.125347 0.118359 0.134028
2 6 0.077344 0.587153 0.113281 0.142361
2 7 0.254102 0.710417 0.099609 0.180556
2 8 0.050000 0.577083 0.100000 0.158333
2 9 0.131641 0.331597 0.139844 0.142361
2 10 0.116211 0.417361 0.143359 0.158333
2 14 0.741797 0.760764 0.040625 0.075694
2 15 0.731836 0.570139 0.105859 0.079167
2 16 0.047266 0.178819 0.091406 0.104861
2 25 0.526563 0.614236 0.108594 0.053472
2 27 0.234766 0.707292 0.092969 0.054861
2 28 0.615039 0.307986 0.049609 0.139583
2 29 0.757031 0.586458 0.087500 0.040972