2 1 0.118945 0.833333 0.116797 0.326389
2 2 0.075000 0.704861 0.130469 0.343056
2 3 0.219922 0.973264 0.138281 0.052083
2 4 0.130273 0.161806 0.124609 0.093056
2 6 0.087109 0.620833 0.093750 0.183333
2 7 0.265820 0.706944 0.092578 0.172222
2 8 0.052148 0.607639 0.103516 0.188889
2 9 0.137305 0.312153 0.134766 0.132639
2 10 0.133398 0.376736 0.131641 0.186806
2 12 0.966602 0.797569 0.066016 0.135417
2 14 0.738281 0.743056 0.067187 0.098611
2 15 0.727930 0.529167 0.107422 0.065278
2 25 0.532813 0.582292 0.063281 0.060417
2 27 0.259570 0.682292 0.091016 0.036806
2 28 0.649609 0.243750 0.047656 0.101389
2 29 0.764453 0.534722 0.076563 0.055556