2 1 0.208008 0.607639 0.140234 0.330556
2 2 0.208008 0.512153 0.126953 0.285417
2 3 0.223047 0.911458 0.100781 0.104861
2 4 0.159375 0.140972 0.125000 0.068056
2 5 0.211523 0.930556 0.029297 0.137500
2 6 0.113086 0.624306 0.103516 0.187500
2 7 0.293164 0.713542 0.096484 0.139583
2 8 0.079102 0.604167 0.108203 0.184722
2 9 0.187109 0.263194 0.113281 0.123611
2 10 0.207813 0.242708 0.069531 0.277083
2 11 0.955469 0.744444 0.089063 0.130556
2 12 0.921094 0.834722 0.157812 0.098611
2 14 0.734766 0.806250 0.087500 0.101389
2 15 0.751367 0.568056 0.120703 0.062500
2 16 0.026172 0.202778 0.050781 0.130556
2 27 0.280469 0.654167 0.057813 0.038889
2 28 0.731641 0.236806 0.053125 0.113889