2 1 0.111914 0.834722 0.103516 0.329167
2 2 0.070703 0.726042 0.130469 0.328472
2 3 0.219141 0.977778 0.139844 0.043056
2 4 0.130859 0.159028 0.125000 0.093056
2 6 0.088477 0.617361 0.094141 0.179167
2 7 0.264062 0.707986 0.090625 0.175694
2 8 0.050781 0.606597 0.103125 0.188194
2 9 0.134961 0.310764 0.133984 0.132639
2 10 0.132031 0.381250 0.130469 0.186111
2 12 0.970117 0.801042 0.058984 0.132639
2 14 0.736133 0.741667 0.069141 0.102778
2 15 0.725195 0.530903 0.109766 0.067361
2 16 0.030859 0.157639 0.061719 0.076389
2 25 0.531250 0.581944 0.066406 0.061111
2 27 0.252148 0.682639 0.083203 0.041667
2 28 0.646484 0.249653 0.043750 0.104861
2 29 0.763672 0.543750 0.079687 0.052778