2 1 0.065039 0.934375 0.094922 0.129861
2 4 0.147656 0.123611 0.115625 0.138889
2 6 0.077539 0.583681 0.113672 0.140972
2 7 0.254883 0.709028 0.099609 0.179167
2 8 0.051758 0.571875 0.101172 0.154861
2 9 0.130078 0.332986 0.142187 0.136806
2 10 0.114844 0.420486 0.146875 0.154861
2 14 0.742969 0.766667 0.047656 0.076389
2 15 0.733594 0.571528 0.103906 0.081944
2 16 0.048828 0.179861 0.094531 0.101389
2 25 0.526172 0.615972 0.103125 0.051389
2 27 0.235156 0.707639 0.091406 0.056944
2 28 0.613867 0.311458 0.053516 0.146528
2 29 0.756836 0.588889 0.089453 0.043056