2 1 0.350977 0.475000 0.143359 0.280556
2 2 0.372656 0.396875 0.167187 0.170139
2 3 0.219531 0.837847 0.024219 0.088194
2 4 0.159570 0.154167 0.039453 0.086111
2 5 0.282031 0.822917 0.083594 0.151389
2 6 0.103320 0.711806 0.076953 0.197222
2 7 0.281250 0.774306 0.099219 0.109722
2 8 0.069531 0.694444 0.074219 0.191667
2 9 0.252930 0.224306 0.087891 0.147222
2 10 0.299219 0.169097 0.078125 0.225694
2 11 0.855078 0.790972 0.220312 0.119444
2 12 0.800391 0.850694 0.197656 0.093056
2 13 0.961914 0.592361 0.075391 0.197222
2 14 0.698242 0.868403 0.078516 0.064583
2 15 0.713281 0.618403 0.097656 0.075694