2 1 0.249609 0.598611 0.156250 0.305556
2 2 0.237695 0.467361 0.123047 0.281944
2 3 0.228125 0.914583 0.083594 0.105556
2 4 0.164062 0.159722 0.106250 0.080556
2 5 0.229102 0.917708 0.040234 0.163194
2 6 0.116211 0.652778 0.098828 0.181944
2 7 0.298828 0.738194 0.098437 0.130556
2 8 0.082617 0.629861 0.105859 0.176389
2 9 0.197461 0.267708 0.098047 0.143750
2 10 0.229102 0.244097 0.053516 0.284028
2 11 0.938281 0.755556 0.122656 0.143056
2 12 0.908594 0.864583 0.182031 0.112500
2 14 0.738086 0.842361 0.094141 0.109722
2 15 0.748047 0.601042 0.112500 0.056250
2 16 0.023438 0.259028 0.046875 0.138889
2 27 0.286523 0.673611 0.071484 0.037500