2 1 0.086328 0.849306 0.080469 0.300000
2 2 0.059766 0.787500 0.119531 0.291667
2 4 0.131641 0.146181 0.125000 0.092361
2 6 0.088672 0.614583 0.089844 0.172222
2 7 0.257031 0.709375 0.096094 0.172917
2 8 0.050781 0.604861 0.100000 0.201389
2 9 0.137891 0.315278 0.132031 0.155556
2 10 0.130469 0.390278 0.126562 0.180556
2 12 0.977734 0.805208 0.043750 0.111806
2 14 0.731055 0.747569 0.068359 0.090972
2 15 0.728906 0.543750 0.110937 0.069444
2 16 0.033203 0.168403 0.066406 0.075694
2 25 0.531055 0.589236 0.071484 0.043750
2 27 0.248828 0.690972 0.085156 0.050000
2 28 0.633594 0.260417 0.045312 0.119444
2 29 0.758008 0.560069 0.079297 0.042361