2 1 0.269336 0.555903 0.150391 0.318750
2 2 0.269531 0.455556 0.144531 0.259722
2 3 0.220117 0.903819 0.066016 0.092361
2 4 0.163867 0.159028 0.087891 0.093056
2 5 0.239258 0.897917 0.057422 0.151389
2 6 0.110937 0.669097 0.100000 0.195139
2 7 0.292383 0.753472 0.098828 0.118056
2 8 0.078516 0.641319 0.103906 0.177083
2 9 0.212305 0.258333 0.066797 0.138889
2 10 0.253906 0.228472 0.060156 0.286111
2 11 0.916211 0.780903 0.166797 0.118750
2 12 0.883398 0.878819 0.204297 0.121528
2 13 0.977930 0.571181 0.043359 0.065972
2 14 0.731250 0.867708 0.084375 0.089583
2 15 0.738086 0.621528 0.100391 0.065278
2 16 0.020313 0.296528 0.040625 0.108333
2 27 0.287695 0.667708 0.053516 0.043750