2 1 0.051953 0.939583 0.072656 0.119444
2 4 0.158984 0.117361 0.103125 0.148611
2 6 0.079297 0.541667 0.118750 0.115278
2 7 0.260352 0.704514 0.099609 0.178472
2 8 0.056445 0.557639 0.105078 0.147222
2 9 0.137109 0.339583 0.145313 0.126389
2 10 0.116797 0.437153 0.153906 0.129861
2 14 0.745898 0.774306 0.058984 0.080556
2 15 0.744727 0.569444 0.104297 0.077778
2 16 0.055078 0.178472 0.107813 0.098611
2 24 0.029102 0.688194 0.057422 0.059722
2 25 0.533984 0.603125 0.104688 0.072917
2 27 0.244141 0.707639 0.103125 0.061111
2 28 0.611914 0.321875 0.044922 0.152083
2 29 0.766211 0.595486 0.083984 0.056250