2 1 0.253906 0.593750 0.157031 0.309722
2 2 0.243164 0.464236 0.126172 0.278472
2 3 0.231250 0.913194 0.071094 0.102778
2 4 0.164453 0.160069 0.104688 0.081250
2 5 0.232813 0.915972 0.038281 0.166667
2 6 0.115430 0.654861 0.098047 0.180556
2 7 0.297461 0.742014 0.098047 0.128472
2 8 0.083008 0.632639 0.103516 0.180556
2 9 0.198828 0.266319 0.094531 0.143750
2 10 0.231641 0.242361 0.050781 0.284722
2 11 0.935937 0.761111 0.129688 0.138889
2 12 0.905664 0.868056 0.188672 0.115278
2 14 0.737891 0.844444 0.093750 0.108333
2 15 0.745898 0.604514 0.107422 0.054861
2 16 0.023047 0.264931 0.046094 0.134028
2 27 0.290625 0.672917 0.063281 0.030556