2 1 0.060742 0.938194 0.083203 0.122222
2 4 0.150000 0.121528 0.112500 0.143056
2 6 0.076953 0.565278 0.117969 0.123611
2 7 0.256250 0.708681 0.100000 0.178472
2 8 0.053516 0.566319 0.102344 0.150694
2 9 0.132227 0.336458 0.143359 0.129861
2 10 0.115430 0.426736 0.149609 0.145139
2 14 0.743945 0.771875 0.054297 0.077083
2 15 0.737305 0.570139 0.105078 0.079167
2 16 0.050391 0.180208 0.097656 0.097917
2 25 0.527930 0.614583 0.105078 0.048611
2 27 0.240820 0.709028 0.095703 0.056944
2 28 0.612891 0.312153 0.053906 0.170139
2 29 0.760352 0.591319 0.087109 0.047917