2 1 0.140234 0.809028 0.134375 0.311111
2 2 0.099219 0.667708 0.121875 0.339583
2 3 0.220117 0.961458 0.131641 0.077083
2 4 0.133594 0.160417 0.123438 0.095833
2 6 0.093945 0.619792 0.106641 0.192361
2 7 0.269727 0.707639 0.093359 0.168056
2 8 0.059961 0.607639 0.102734 0.191667
2 9 0.143164 0.315625 0.128516 0.124306
2 10 0.136719 0.357292 0.127344 0.199306
2 12 0.957812 0.776042 0.084375 0.159028
2 14 0.735742 0.742014 0.078516 0.106250
2 15 0.728711 0.525694 0.107422 0.065278
2 27 0.262109 0.679167 0.082031 0.048611
2 28 0.660742 0.235417 0.042578 0.100000
2 29 0.764648 0.534028 0.071484 0.052778