2 1 0.074609 0.886806 0.093750 0.225000
2 2 0.047461 0.867361 0.091797 0.258333
2 4 0.136328 0.134028 0.127344 0.105556
2 6 0.084961 0.613194 0.094141 0.168056
2 7 0.256445 0.709375 0.098047 0.179861
2 8 0.049609 0.596181 0.096875 0.188194
2 9 0.137891 0.320139 0.132031 0.154167
2 10 0.122852 0.399306 0.133984 0.183333
2 14 0.732617 0.757986 0.065234 0.079861
2 15 0.728125 0.554861 0.107031 0.068056
2 16 0.039062 0.176042 0.078125 0.084028
2 25 0.528125 0.603472 0.092188 0.054167
2 27 0.239453 0.700000 0.087500 0.055556
2 28 0.620508 0.290625 0.041016 0.121528
2 29 0.753320 0.574653 0.083984 0.046528