2 1 0.275000 0.531250 0.138281 0.312500
2 2 0.285742 0.452083 0.146484 0.247222
2 3 0.216797 0.892014 0.060156 0.102083
2 4 0.161719 0.158333 0.079687 0.095833
2 5 0.247852 0.895139 0.063672 0.134722
2 6 0.108789 0.678472 0.098828 0.198611
2 7 0.290039 0.758681 0.101172 0.115972
2 8 0.075781 0.651736 0.103125 0.175694
2 9 0.212109 0.252778 0.050781 0.147222
2 10 0.264648 0.225347 0.070703 0.278472
2 11 0.906250 0.790625 0.186719 0.124306
2 12 0.865234 0.880903 0.203906 0.115972
2 13 0.973047 0.579167 0.053125 0.072222
2 14 0.726172 0.873611 0.084375 0.087500
2 15 0.727930 0.626389 0.096484 0.066667
2 16 0.016797 0.322917 0.033594 0.102778
2 27 0.289844 0.663542 0.051562 0.049306