2 1 0.042383 0.938542 0.058984 0.122917
2 4 0.170898 0.106597 0.099609 0.146528
2 6 0.086523 0.527083 0.117578 0.122222
2 7 0.264453 0.699653 0.100000 0.172917
2 8 0.059766 0.541319 0.110937 0.143750
2 9 0.143359 0.337153 0.145313 0.128472
2 10 0.120313 0.435764 0.157031 0.136806
2 14 0.750781 0.773264 0.063281 0.068750
2 15 0.750586 0.568056 0.106641 0.083333
2 16 0.059570 0.177778 0.117578 0.097222
2 24 0.036328 0.685764 0.071094 0.064583
2 25 0.540039 0.602083 0.110547 0.075000
2 27 0.245703 0.706597 0.098437 0.057639
2 28 0.615234 0.313889 0.048438 0.158333
2 29 0.773242 0.599306 0.082422 0.059722