2 1 0.069531 0.906250 0.103906 0.186111
2 2 0.039062 0.875694 0.077344 0.247222
2 4 0.139648 0.130903 0.124609 0.117361
2 6 0.082617 0.603819 0.105078 0.157639
2 7 0.251953 0.713889 0.099219 0.183333
2 8 0.050586 0.587500 0.099609 0.175000
2 9 0.136328 0.328125 0.131250 0.146528
2 10 0.118945 0.407639 0.136328 0.170833
2 14 0.732422 0.762847 0.066406 0.072917
2 15 0.729102 0.562847 0.102734 0.072917
2 16 0.042578 0.180903 0.084375 0.086806
2 25 0.528516 0.610764 0.093750 0.052083
2 27 0.238086 0.705556 0.086328 0.056944
2 28 0.619141 0.291667 0.050000 0.133333
2 29 0.751172 0.581250 0.090625 0.045833