2 1 0.065039 0.916319 0.105859 0.165972
2 2 0.035352 0.881944 0.068359 0.234722
2 4 0.140820 0.129167 0.123047 0.123611
2 6 0.079883 0.597569 0.108984 0.150694
2 7 0.252344 0.712847 0.099219 0.182639
2 8 0.050195 0.584028 0.099609 0.169444
2 9 0.134766 0.329167 0.134375 0.147222
2 10 0.117383 0.411111 0.139453 0.166667
2 14 0.738672 0.764931 0.052344 0.067361
2 15 0.729688 0.565625 0.105469 0.074306
2 16 0.044922 0.185417 0.089063 0.086111
2 25 0.523828 0.612500 0.103125 0.056944
2 27 0.238867 0.705556 0.086328 0.056944
2 28 0.617969 0.292708 0.051562 0.125694
2 29 0.754297 0.582292 0.088281 0.042361