2 1 0.193750 0.619792 0.139844 0.339583
2 2 0.192969 0.534722 0.124219 0.293056
2 3 0.217773 0.913889 0.109766 0.105556
2 4 0.153711 0.135417 0.119141 0.076389
2 5 0.209180 0.934375 0.034766 0.129861
2 6 0.109375 0.614583 0.106250 0.190278
2 7 0.289258 0.703125 0.093359 0.143750
2 8 0.074805 0.597569 0.105078 0.184028
2 9 0.180273 0.262153 0.118359 0.122917
2 10 0.197852 0.250694 0.080859 0.272222
2 11 0.959961 0.738889 0.080078 0.134722
2 12 0.923633 0.821528 0.152734 0.091667
2 14 0.736719 0.787153 0.091406 0.106250
2 15 0.750781 0.559028 0.125000 0.069444
2 27 0.274023 0.651389 0.049609 0.037500
2 28 0.721094 0.222222 0.053125 0.129167