2 1 0.261719 0.580903 0.156250 0.313194
2 2 0.250781 0.458681 0.130469 0.271528
2 3 0.226367 0.909375 0.067578 0.096528
2 4 0.165430 0.161458 0.101172 0.082639
2 5 0.230469 0.913889 0.046875 0.175000
2 6 0.113867 0.659375 0.098047 0.184028
2 7 0.295312 0.750000 0.097656 0.125000
2 8 0.080273 0.635764 0.105078 0.182639
2 9 0.202344 0.264236 0.085938 0.146528
2 10 0.239063 0.236806 0.050781 0.286111
2 11 0.928906 0.769097 0.143750 0.131250
2 12 0.900000 0.874653 0.196094 0.117361
2 14 0.735547 0.856250 0.091406 0.098611
2 15 0.740234 0.609375 0.100781 0.054861
2 16 0.021680 0.281597 0.043359 0.122917
2 27 0.289258 0.673611 0.065234 0.033333