2 4 0.205273 0.070486 0.116016 0.110417
2 6 0.117383 0.485069 0.081641 0.199306
2 7 0.298242 0.670486 0.098047 0.174306
2 8 0.081445 0.464931 0.112109 0.124306
2 9 0.184961 0.314583 0.153516 0.143056
2 10 0.157227 0.428125 0.154297 0.127083
2 14 0.789258 0.739236 0.065234 0.049306
2 15 0.789062 0.560417 0.106250 0.088889
2 16 0.091992 0.166667 0.144922 0.108333
2 19 0.038086 0.629514 0.076172 0.057639
2 24 0.066016 0.675347 0.128906 0.079861
2 25 0.587695 0.586458 0.108984 0.079861
2 27 0.273242 0.699653 0.104297 0.045139
2 28 0.633203 0.315972 0.050781 0.166667
2 29 0.811133 0.589931 0.076172 0.054861