2 1 0.072070 0.896528 0.098828 0.205556
2 2 0.043750 0.869792 0.082812 0.259028
2 4 0.137891 0.132292 0.125781 0.111806
2 6 0.083789 0.608681 0.099609 0.163194
2 7 0.254492 0.711806 0.098828 0.181944
2 8 0.050000 0.591319 0.098437 0.181250
2 9 0.137305 0.324653 0.131641 0.150694
2 10 0.121094 0.403819 0.135156 0.177083
2 14 0.732617 0.760069 0.066797 0.078472
2 15 0.728711 0.562153 0.105078 0.077083
2 16 0.039844 0.176389 0.079687 0.087500
2 25 0.525586 0.606944 0.087891 0.048611
2 27 0.237891 0.703125 0.084375 0.053472
2 28 0.620117 0.284375 0.044922 0.129861
2 29 0.752344 0.578125 0.087500 0.046528