2 1 0.295703 0.499653 0.142187 0.329861
2 2 0.317773 0.448958 0.140234 0.215972
2 3 0.214648 0.864931 0.040234 0.113194
2 4 0.163672 0.166319 0.067187 0.089583
2 5 0.266602 0.886111 0.083984 0.115278
2 6 0.108398 0.695139 0.096484 0.197222
2 7 0.287500 0.771528 0.100000 0.119444
2 8 0.077148 0.670833 0.092578 0.180556
2 9 0.223242 0.249653 0.053516 0.139583
2 10 0.283008 0.211111 0.076953 0.256944
2 11 0.898242 0.814236 0.203516 0.159028
2 12 0.841992 0.886111 0.209766 0.098611
2 13 0.969336 0.587153 0.060547 0.082639
2 14 0.715625 0.879167 0.079687 0.069444
2 15 0.726562 0.630208 0.101562 0.078472
2 16 0.014453 0.369444 0.028906 0.105556
2 27 0.295312 0.658333 0.039062 0.072222