2 1 0.181641 0.657639 0.136719 0.330556
2 2 0.171289 0.572569 0.106641 0.261806
2 3 0.217383 0.917708 0.113672 0.104861
2 4 0.148047 0.134375 0.120313 0.081250
2 5 0.202344 0.956944 0.040625 0.084722
2 6 0.106055 0.608681 0.102734 0.185417
2 7 0.283789 0.699306 0.094141 0.144444
2 8 0.072461 0.594444 0.103516 0.184722
2 9 0.169531 0.273611 0.124219 0.118056
2 10 0.186914 0.265625 0.086328 0.265972
2 11 0.970117 0.729167 0.058984 0.133333
2 12 0.933203 0.806597 0.132812 0.088194
2 14 0.740039 0.776042 0.087109 0.104861
2 15 0.743945 0.544097 0.134766 0.065972
2 27 0.276172 0.645833 0.067187 0.044444
2 28 0.708008 0.207986 0.069141 0.136806