2 1 0.258008 0.588542 0.157422 0.313194
2 2 0.248633 0.460069 0.129297 0.274306
2 3 0.228711 0.911458 0.069141 0.099306
2 4 0.165039 0.161111 0.102734 0.081944
2 5 0.231836 0.915278 0.042578 0.170833
2 6 0.114844 0.656597 0.097656 0.179861
2 7 0.296680 0.746181 0.098047 0.127083
2 8 0.081250 0.634375 0.103906 0.184028
2 9 0.200000 0.264931 0.090625 0.143750
2 10 0.233984 0.239583 0.047656 0.284722
2 11 0.933008 0.766319 0.136328 0.134028
2 12 0.902148 0.871528 0.194922 0.118056
2 14 0.736914 0.850347 0.092578 0.103472
2 15 0.743164 0.607639 0.101953 0.052778
2 16 0.022461 0.270486 0.044922 0.128472
2 27 0.289062 0.671181 0.062500 0.036806