2 1 0.077148 0.882292 0.087891 0.234028
2 2 0.050000 0.842014 0.096094 0.267361
2 4 0.135156 0.136458 0.126562 0.102083
2 6 0.086133 0.612500 0.094141 0.163889
2 7 0.257227 0.710417 0.097266 0.175000
2 8 0.049023 0.600000 0.095703 0.194444
2 9 0.139063 0.319792 0.132031 0.156250
2 10 0.124609 0.397222 0.132812 0.184722
2 14 0.732227 0.754861 0.063672 0.080556
2 15 0.727148 0.556597 0.109766 0.072917
2 16 0.038086 0.175694 0.076172 0.080556
2 25 0.529297 0.599306 0.086719 0.056944
2 27 0.241797 0.698264 0.085156 0.053472
2 28 0.625391 0.277083 0.051562 0.126389
2 29 0.753906 0.574306 0.085156 0.050000