2 1 0.283789 0.514236 0.147266 0.320139
2 2 0.295117 0.456944 0.134766 0.219444
2 3 0.214258 0.881944 0.047266 0.108333
2 4 0.160742 0.163194 0.073828 0.093056
2 5 0.256250 0.894792 0.076563 0.114583
2 6 0.105273 0.686806 0.102734 0.193056
2 7 0.285938 0.765278 0.098437 0.118056
2 8 0.072656 0.662500 0.095312 0.176389
2 9 0.213477 0.250694 0.050391 0.145833
2 10 0.274219 0.218056 0.077344 0.263889
2 11 0.901563 0.801389 0.196094 0.129167
2 12 0.850000 0.887153 0.204687 0.099306
2 13 0.969141 0.587153 0.060937 0.071528
2 14 0.719336 0.879861 0.081641 0.081944
2 15 0.726953 0.627431 0.089844 0.082639
2 16 0.016797 0.343403 0.033594 0.100694
2 27 0.286719 0.658333 0.039062 0.063889