2 1 0.296680 0.496528 0.141797 0.330556
2 2 0.322070 0.444792 0.141797 0.218750
2 3 0.215820 0.861111 0.038672 0.113889
2 4 0.164258 0.165625 0.066016 0.088194
2 5 0.269531 0.885069 0.083594 0.106250
2 6 0.108008 0.697222 0.096484 0.197222
2 7 0.288086 0.773958 0.100391 0.120139
2 8 0.076563 0.671528 0.092188 0.176389
2 9 0.223828 0.249306 0.053906 0.137500
2 10 0.283594 0.209375 0.077344 0.246528
2 11 0.896484 0.814931 0.206250 0.163194
2 12 0.838867 0.886458 0.211328 0.092361
2 13 0.970117 0.588542 0.058984 0.085417
2 14 0.716211 0.877431 0.080078 0.071528
2 15 0.727930 0.630208 0.100391 0.078472
2 16 0.014844 0.372222 0.029687 0.104167
2 27 0.296875 0.653819 0.042188 0.075694