2 1 0.153906 0.762153 0.145313 0.314583
2 2 0.118750 0.632292 0.117188 0.347917
2 3 0.218555 0.945833 0.128516 0.087500
2 4 0.138672 0.153819 0.123438 0.093750
2 6 0.094922 0.613542 0.108594 0.192361
2 7 0.275391 0.703819 0.095312 0.164583
2 8 0.064258 0.603472 0.103516 0.190278
2 9 0.144141 0.305208 0.138281 0.120139
2 10 0.147656 0.328819 0.119531 0.229861
2 12 0.944336 0.784028 0.110547 0.115278
2 14 0.736914 0.751389 0.080078 0.109722
2 15 0.730273 0.529514 0.102734 0.060417
2 27 0.258008 0.668056 0.062891 0.043056
2 28 0.683008 0.228125 0.062109 0.099306