2 4 0.354102 0.075694 0.143359 0.088889
2 6 0.221289 0.243750 0.090234 0.205556
2 7 0.381250 0.590972 0.118750 0.141667
2 8 0.190430 0.288194 0.080859 0.215278
2 9 0.327148 0.354514 0.167578 0.152083
2 10 0.290820 0.503125 0.163672 0.117361
2 14 0.914062 0.762847 0.083594 0.057639
2 15 0.875000 0.542014 0.083594 0.086806
2 16 0.266602 0.200347 0.178516 0.093750
2 18 0.097266 0.547222 0.194531 0.122222
2 19 0.192773 0.628819 0.150391 0.127083
2 23 0.629297 0.545833 0.117969 0.066667
2 24 0.242188 0.682986 0.189062 0.097917
2 25 0.707422 0.562847 0.110937 0.106250
2 27 0.330469 0.714583 0.085938 0.066667
2 28 0.643164 0.517014 0.073047 0.182639
2 29 0.894141 0.614583 0.067969 0.069444