2 4 0.397852 0.102778 0.160547 0.090278
2 6 0.252148 0.208681 0.076953 0.220139
2 7 0.406641 0.585069 0.142969 0.135417
2 8 0.205078 0.249306 0.092969 0.213889
2 9 0.390430 0.385417 0.148828 0.219444
2 10 0.336328 0.510417 0.171094 0.163889
2 14 0.947852 0.780556 0.087891 0.054167
2 15 0.899609 0.541319 0.075781 0.093750
2 16 0.320508 0.225347 0.190234 0.135417
2 18 0.150586 0.585069 0.208984 0.140972
2 19 0.241406 0.647222 0.154688 0.105556
2 23 0.656836 0.544444 0.127734 0.098611
2 24 0.293750 0.694792 0.185938 0.109028
2 25 0.743359 0.550694 0.102344 0.143056
2 27 0.350000 0.735417 0.085156 0.051389
2 28 0.664258 0.553819 0.089453 0.177083
2 29 0.919141 0.622917 0.086719 0.084722