2 4 0.411523 0.117361 0.175391 0.086111
2 7 0.404492 0.590278 0.124609 0.087500
2 8 0.199023 0.131597 0.153516 0.072917
2 9 0.472070 0.242014 0.291797 0.128472
2 10 0.383203 0.526042 0.177344 0.153472
2 14 0.942383 0.814236 0.075391 0.047917
2 15 0.875195 0.596181 0.104297 0.120139
2 16 0.414258 0.209722 0.266016 0.209722
2 18 0.251367 0.662153 0.258984 0.215972
2 19 0.309570 0.684028 0.258984 0.151389
2 23 0.650195 0.518056 0.114453 0.151389
2 24 0.328711 0.764931 0.223828 0.103472
2 25 0.724805 0.512847 0.088672 0.172917
2 27 0.292578 0.806944 0.090625 0.052778
2 28 0.621680 0.684375 0.164453 0.110417
2 29 0.883594 0.661458 0.108594 0.085417
2 33 0.613867 0.941667 0.062891 0.115278