2 4 0.338086 0.063194 0.154297 0.088889
2 6 0.207227 0.293056 0.073047 0.206944
2 7 0.359180 0.594097 0.130078 0.128472
2 8 0.168750 0.313889 0.074219 0.220833
2 9 0.297852 0.352083 0.173828 0.112500
2 10 0.267383 0.487500 0.169141 0.091667
2 14 0.886914 0.750000 0.103516 0.068056
2 15 0.861523 0.537153 0.091016 0.079861
2 16 0.235156 0.195833 0.175781 0.101389
2 18 0.079492 0.529167 0.158984 0.123611
2 19 0.164844 0.622917 0.160156 0.109722
2 23 0.603516 0.538194 0.112500 0.069444
2 24 0.211133 0.682639 0.188672 0.119444
2 25 0.685156 0.564583 0.139063 0.105556
2 27 0.322656 0.709722 0.095312 0.061111
2 28 0.629883 0.476389 0.068359 0.212500
2 29 0.879297 0.610417 0.060937 0.063889