2 4 0.412109 0.093056 0.162500 0.088889
2 6 0.236523 0.119444 0.065234 0.179167
2 7 0.395313 0.541319 0.144531 0.085417
2 8 0.224023 0.141667 0.136328 0.188889
2 9 0.392578 0.271181 0.218750 0.127083
2 10 0.345117 0.493403 0.192578 0.114583
2 14 0.948828 0.776042 0.070312 0.067361
2 15 0.883594 0.546875 0.085156 0.121528
2 16 0.356250 0.187500 0.215625 0.143056
2 18 0.188477 0.589236 0.216016 0.104861
2 19 0.274414 0.644792 0.184766 0.139583
2 23 0.658203 0.513194 0.115625 0.131944
2 24 0.314648 0.693056 0.191797 0.106944
2 25 0.737305 0.508333 0.088672 0.191667
2 27 0.327734 0.753819 0.064062 0.065972
2 28 0.647656 0.573264 0.128906 0.172917
2 29 0.908398 0.617014 0.105859 0.065972
2 33 0.613086 0.952778 0.067578 0.090278