2 4 0.280273 0.035417 0.138672 0.062500
2 6 0.178125 0.424653 0.067969 0.211806
2 7 0.335547 0.624653 0.114062 0.139583
2 8 0.133203 0.412847 0.096094 0.196528
2 9 0.239258 0.320486 0.162109 0.109028
2 10 0.201563 0.449653 0.171875 0.106250
2 14 0.841211 0.732639 0.076172 0.058333
2 15 0.836719 0.541319 0.100781 0.106250
2 16 0.169336 0.162847 0.146484 0.097917
2 18 0.022266 0.480903 0.044531 0.078472
2 19 0.083203 0.608333 0.160938 0.098611
2 23 0.568945 0.533333 0.091797 0.062500
2 24 0.130078 0.664583 0.176563 0.119444
2 25 0.637109 0.573264 0.139844 0.099306
2 27 0.302734 0.684722 0.102344 0.055556
2 28 0.635156 0.389236 0.030469 0.149306
2 29 0.850000 0.594097 0.078125 0.064583