2 4 0.308789 0.056944 0.154297 0.088889
2 6 0.195703 0.335417 0.058594 0.223611
2 7 0.335547 0.589931 0.135156 0.097917
2 8 0.152930 0.361806 0.066016 0.216667
2 9 0.275195 0.353819 0.162109 0.102083
2 10 0.231445 0.480903 0.181641 0.109028
2 14 0.866992 0.742708 0.088672 0.059028
2 15 0.848242 0.528472 0.098047 0.081944
2 16 0.206445 0.188194 0.158203 0.111111
2 18 0.055664 0.514931 0.111328 0.125694
2 19 0.131250 0.625347 0.171875 0.090972
2 23 0.578320 0.536458 0.110547 0.060417
2 24 0.184961 0.679167 0.176953 0.115278
2 25 0.669922 0.573611 0.128125 0.118056
2 27 0.311133 0.706597 0.091016 0.060417
2 28 0.624805 0.432639 0.050391 0.215278
2 29 0.862695 0.596875 0.066016 0.057639