2 4 0.340625 0.063542 0.153125 0.088194
2 6 0.206641 0.287153 0.071875 0.203472
2 7 0.362500 0.596875 0.125000 0.132639
2 8 0.175195 0.309028 0.077734 0.216667
2 9 0.300977 0.350694 0.171484 0.116667
2 10 0.269727 0.487153 0.169922 0.089583
2 14 0.889453 0.755556 0.102344 0.068056
2 15 0.862500 0.538542 0.092188 0.079861
2 16 0.239648 0.195833 0.176172 0.101389
2 18 0.080469 0.530556 0.160938 0.119444
2 19 0.167773 0.619792 0.156641 0.110417
2 23 0.607422 0.537847 0.116406 0.067361
2 24 0.216797 0.684028 0.185156 0.118056
2 25 0.691211 0.566667 0.137109 0.105556
2 27 0.322266 0.709375 0.090625 0.068750
2 28 0.631055 0.482292 0.070703 0.214583
2 29 0.878711 0.614583 0.066797 0.065278