2 4 0.360547 0.078125 0.149219 0.089583
2 6 0.223828 0.242361 0.089844 0.201389
2 7 0.385156 0.592708 0.121094 0.135417
2 8 0.196875 0.284028 0.090625 0.216667
2 9 0.333789 0.361806 0.168359 0.165278
2 10 0.298828 0.506944 0.160938 0.127778
2 14 0.920898 0.767014 0.076953 0.047917
2 15 0.878320 0.540972 0.081641 0.087500
2 16 0.271289 0.201389 0.180078 0.102778
2 18 0.101367 0.550694 0.200391 0.123611
2 19 0.202539 0.629514 0.148047 0.128472
2 23 0.626758 0.541667 0.124609 0.068056
2 24 0.247266 0.684375 0.189844 0.092361
2 25 0.711719 0.560069 0.114062 0.106250
2 27 0.328906 0.716667 0.089844 0.061111
2 28 0.648242 0.522569 0.069141 0.177083
2 29 0.896875 0.612847 0.067969 0.065972