2 4 0.274219 0.032986 0.138281 0.059028
2 6 0.175977 0.429861 0.062109 0.229167
2 7 0.334375 0.619444 0.108594 0.126389
2 8 0.125781 0.415625 0.100000 0.186806
2 9 0.233984 0.318750 0.162500 0.105556
2 10 0.199609 0.439583 0.171875 0.108333
2 14 0.841016 0.726736 0.078125 0.054861
2 15 0.835352 0.544792 0.101953 0.113194
2 16 0.164258 0.160417 0.146484 0.101389
2 18 0.017773 0.475694 0.035547 0.065278
2 19 0.078125 0.606597 0.156250 0.097917
2 23 0.562305 0.528472 0.091797 0.054167
2 24 0.121289 0.659028 0.177734 0.116667
2 25 0.631641 0.571875 0.139844 0.097917
2 27 0.303711 0.682292 0.104297 0.060417
2 28 0.637109 0.377778 0.030469 0.138889
2 29 0.847461 0.587847 0.083203 0.060417