2 4 0.411719 0.107986 0.163281 0.082639
2 7 0.390039 0.580556 0.154297 0.115278
2 8 0.204492 0.118056 0.157422 0.106944
2 9 0.446875 0.287847 0.250781 0.184028
2 10 0.370312 0.526042 0.167187 0.160417
2 14 0.939063 0.804861 0.062500 0.045833
2 15 0.877344 0.577431 0.079687 0.109028
2 16 0.394531 0.196528 0.233594 0.156944
2 18 0.232031 0.643750 0.233594 0.197222
2 19 0.287695 0.661806 0.241797 0.156944
2 23 0.653516 0.507986 0.107813 0.152083
2 24 0.326367 0.740278 0.205859 0.106944
2 25 0.729492 0.511111 0.079297 0.183333
2 27 0.297461 0.788889 0.084766 0.063889
2 28 0.628711 0.661111 0.147266 0.108333
2 29 0.887500 0.646181 0.101562 0.072917
2 33 0.613477 0.941319 0.059766 0.115972