2 4 0.288477 0.051736 0.141016 0.078472
2 6 0.171875 0.383681 0.085938 0.225694
2 7 0.331445 0.605903 0.126172 0.092361
2 8 0.142383 0.398611 0.086328 0.231944
2 9 0.252344 0.332292 0.159375 0.102083
2 10 0.209766 0.462500 0.175000 0.104167
2 14 0.845898 0.745833 0.082422 0.063889
2 15 0.837305 0.551736 0.104297 0.102083
2 16 0.181445 0.176042 0.147266 0.093750
2 18 0.035937 0.500694 0.071875 0.094444
2 19 0.103125 0.615625 0.165625 0.085417
2 23 0.570703 0.541319 0.095312 0.079861
2 24 0.143555 0.676042 0.186328 0.113194
2 25 0.649609 0.584375 0.135156 0.113194
2 27 0.302734 0.701736 0.098437 0.059028
2 28 0.626563 0.426042 0.032813 0.167361
2 29 0.847070 0.598611 0.082422 0.069444