2 4 0.403711 0.105208 0.161328 0.088194
2 6 0.255469 0.195486 0.075781 0.229861
2 7 0.410352 0.580208 0.141016 0.135417
2 8 0.206641 0.237847 0.092188 0.207639
2 9 0.397266 0.379861 0.153125 0.216667
2 10 0.343750 0.516667 0.170313 0.144444
2 14 0.952148 0.781250 0.080078 0.051389
2 15 0.905273 0.543750 0.074609 0.093056
2 16 0.326953 0.226736 0.192969 0.140972
2 18 0.162500 0.588194 0.200000 0.141667
2 19 0.245703 0.647222 0.158594 0.100000
2 23 0.657422 0.544792 0.125781 0.097917
2 24 0.299414 0.694444 0.193359 0.104167
2 25 0.746094 0.552431 0.100781 0.157639
2 27 0.349414 0.746528 0.086328 0.050000
2 28 0.670508 0.558681 0.098047 0.186806
2 29 0.920117 0.623958 0.095703 0.092361