2 4 0.417187 0.135069 0.176563 0.095139
2 7 0.389844 0.596181 0.138281 0.071528
2 8 0.196094 0.150000 0.146875 0.087500
2 9 0.494336 0.236111 0.310547 0.173611
2 10 0.373242 0.527778 0.229297 0.145833
2 14 0.929297 0.814583 0.068750 0.062500
2 15 0.870703 0.602778 0.112500 0.113889
2 16 0.431445 0.191319 0.288672 0.178472
2 18 0.263867 0.654514 0.269922 0.217361
2 19 0.332617 0.700000 0.249609 0.201389
2 23 0.643750 0.515278 0.107813 0.158333
2 24 0.328516 0.773958 0.229687 0.121528
2 25 0.711133 0.507639 0.097266 0.158333
2 28 0.612305 0.721181 0.176172 0.102083
2 29 0.878711 0.673958 0.115234 0.093750
2 33 0.607227 0.937847 0.062891 0.122917