2 4 0.284375 0.044792 0.136719 0.074306
2 6 0.173828 0.396181 0.078906 0.224306
2 7 0.330273 0.625000 0.120703 0.127778
2 8 0.135156 0.405556 0.092969 0.219444
2 9 0.245703 0.330208 0.162500 0.114583
2 10 0.204102 0.454514 0.175391 0.110417
2 14 0.841992 0.737847 0.077734 0.056250
2 15 0.833789 0.552083 0.106641 0.116667
2 16 0.170508 0.168403 0.155078 0.093750
2 18 0.028320 0.487847 0.055859 0.086806
2 19 0.093359 0.612500 0.160156 0.091667
2 23 0.564648 0.537500 0.107422 0.072222
2 24 0.137695 0.674653 0.176953 0.110417
2 25 0.641992 0.580903 0.141016 0.103472
2 27 0.301758 0.694792 0.104297 0.056250
2 28 0.630664 0.410417 0.030078 0.158333
2 29 0.849414 0.589583 0.079297 0.069444