2 4 0.400586 0.105208 0.161328 0.090972
2 6 0.253906 0.202083 0.076563 0.225000
2 7 0.408594 0.582986 0.142187 0.135417
2 8 0.206055 0.243750 0.092578 0.211111
2 9 0.393359 0.386111 0.152344 0.218056
2 10 0.340039 0.513889 0.170703 0.154167
2 14 0.950195 0.781250 0.083984 0.052778
2 15 0.902539 0.542708 0.075391 0.093750
2 16 0.324023 0.226042 0.191797 0.138194
2 18 0.152930 0.586458 0.209766 0.142361
2 19 0.242969 0.646181 0.155469 0.106250
2 23 0.657617 0.544792 0.125391 0.093750
2 24 0.296875 0.695139 0.189844 0.106944
2 25 0.746680 0.550694 0.101953 0.147222
2 27 0.346484 0.741319 0.088281 0.047917
2 28 0.667578 0.556250 0.093750 0.181944
2 29 0.919922 0.623611 0.091406 0.088889