2 4 0.413281 0.104167 0.163281 0.077778
2 6 0.257812 0.170486 0.075000 0.229861
2 7 0.414453 0.569792 0.146875 0.106250
2 8 0.210938 0.206250 0.102344 0.204167
2 9 0.401367 0.357292 0.166016 0.220139
2 10 0.352344 0.510069 0.181250 0.135417
2 14 0.957617 0.779167 0.080859 0.059722
2 15 0.899805 0.549653 0.089453 0.110417
2 16 0.347656 0.218056 0.189844 0.145833
2 18 0.178516 0.594792 0.205469 0.138194
2 19 0.262891 0.660764 0.161719 0.120139
2 23 0.668945 0.537500 0.121484 0.108333
2 24 0.311133 0.698611 0.193359 0.102778
2 25 0.749023 0.543056 0.101172 0.180556
2 27 0.349023 0.751736 0.087109 0.052083
2 28 0.670508 0.561806 0.116797 0.186111
2 29 0.921094 0.621875 0.103125 0.088194
2 33 0.618359 0.980556 0.070312 0.038889