2 4 0.283594 0.036458 0.139063 0.064583
2 6 0.178516 0.418056 0.069531 0.206944
2 7 0.333594 0.623264 0.116406 0.139583
2 8 0.133789 0.409375 0.095703 0.204861
2 9 0.241016 0.322222 0.162500 0.111111
2 10 0.202734 0.450000 0.172656 0.108333
2 14 0.841797 0.733333 0.075000 0.056944
2 15 0.837695 0.543056 0.101172 0.108333
2 16 0.170313 0.164583 0.148438 0.097222
2 18 0.024609 0.484375 0.049219 0.082639
2 19 0.085742 0.609722 0.160547 0.097222
2 23 0.564844 0.537500 0.099219 0.055556
2 24 0.132617 0.659028 0.176172 0.120833
2 25 0.639258 0.572917 0.139453 0.101389
2 27 0.302734 0.687847 0.102344 0.054861
2 28 0.632812 0.395486 0.028906 0.152083
2 29 0.848828 0.585764 0.080469 0.078472