2 4 0.366602 0.080556 0.155078 0.090278
2 6 0.228516 0.235069 0.091406 0.210417
2 7 0.388281 0.591319 0.125000 0.139583
2 8 0.200000 0.275000 0.091406 0.208333
2 9 0.340430 0.368056 0.169141 0.177778
2 10 0.306445 0.510417 0.158203 0.137500
2 14 0.925000 0.768403 0.078906 0.047917
2 15 0.881836 0.539931 0.082422 0.090972
2 16 0.278320 0.206250 0.181641 0.106944
2 18 0.105469 0.553125 0.206250 0.124306
2 19 0.207227 0.629861 0.155078 0.129167
2 23 0.633789 0.542014 0.119141 0.071528
2 24 0.254492 0.687153 0.189453 0.093750
2 25 0.715234 0.562153 0.107031 0.114583
2 27 0.338281 0.719444 0.078906 0.068056
2 28 0.650977 0.525694 0.072266 0.180556
2 29 0.899805 0.615278 0.071484 0.072222