2 4 0.392578 0.096875 0.158594 0.088194
2 6 0.247070 0.211458 0.082422 0.217361
2 7 0.403906 0.583333 0.132031 0.133333
2 8 0.206250 0.250000 0.096875 0.216667
2 9 0.385156 0.380903 0.150781 0.214583
2 10 0.333594 0.514931 0.164844 0.152083
2 14 0.941406 0.775694 0.085156 0.050000
2 15 0.901172 0.540972 0.071094 0.091667
2 16 0.316211 0.224306 0.173828 0.134722
2 18 0.142578 0.577778 0.209375 0.136111
2 19 0.232617 0.644792 0.159766 0.107639
2 23 0.655859 0.543403 0.121875 0.096528
2 24 0.289258 0.696875 0.187109 0.113194
2 25 0.734766 0.555208 0.093750 0.134028
2 27 0.348047 0.731597 0.078906 0.050694
2 28 0.663672 0.547917 0.088281 0.175000
2 29 0.917188 0.616319 0.084375 0.090972