2 4 0.373047 0.083333 0.154688 0.095833
2 6 0.232617 0.227083 0.090234 0.213889
2 7 0.393359 0.588194 0.128125 0.141667
2 8 0.204883 0.272917 0.094141 0.222222
2 9 0.357031 0.368403 0.156250 0.190972
2 10 0.316602 0.513889 0.162109 0.147222
2 14 0.930859 0.769444 0.079687 0.044444
2 15 0.885547 0.537847 0.082031 0.093750
2 16 0.288867 0.213542 0.183203 0.117361
2 18 0.120508 0.561458 0.205078 0.128472
2 19 0.215625 0.627083 0.160156 0.112500
2 23 0.642383 0.542708 0.118359 0.078472
2 24 0.264062 0.688889 0.191406 0.095833
2 25 0.722461 0.559722 0.116797 0.123611
2 27 0.340625 0.719792 0.095312 0.060417
2 28 0.654883 0.531597 0.076172 0.178472
2 29 0.904883 0.617361 0.073828 0.077778