2 4 0.313086 0.057292 0.155078 0.089583
2 6 0.197070 0.329167 0.062109 0.219444
2 7 0.340039 0.587500 0.133984 0.101389
2 8 0.157031 0.350347 0.069531 0.215972
2 9 0.281641 0.355208 0.163281 0.096528
2 10 0.241602 0.482986 0.175391 0.109028
2 14 0.872656 0.745486 0.089844 0.056250
2 15 0.850195 0.528125 0.096484 0.078472
2 16 0.212695 0.191319 0.159766 0.114583
2 18 0.061914 0.520833 0.123828 0.122222
2 19 0.141016 0.624653 0.171094 0.093750
2 23 0.587109 0.538542 0.113281 0.060417
2 24 0.190625 0.676389 0.185938 0.127778
2 25 0.673438 0.586806 0.136719 0.141667
2 27 0.316016 0.710069 0.088281 0.060417
2 28 0.626367 0.453125 0.059766 0.217361
2 29 0.863672 0.599653 0.068750 0.059028