2 4 0.416992 0.138194 0.176953 0.108333
2 7 0.389453 0.598264 0.128906 0.071528
2 8 0.196680 0.153472 0.136328 0.086111
2 9 0.508789 0.241319 0.316797 0.197917
2 10 0.374805 0.534722 0.236328 0.144444
2 14 0.923438 0.819792 0.068750 0.060417
2 15 0.864844 0.609028 0.123438 0.115278
2 16 0.437695 0.173264 0.302734 0.159028
2 18 0.269141 0.661806 0.275000 0.201389
2 19 0.337109 0.711458 0.250000 0.197917
2 23 0.641406 0.519097 0.116406 0.153472
2 24 0.325391 0.776389 0.230469 0.122222
2 25 0.707031 0.500694 0.105469 0.144444
2 28 0.607422 0.728819 0.183594 0.103472
2 29 0.867578 0.680903 0.120313 0.093750
2 33 0.602539 0.937153 0.065234 0.125694