2 4 0.315039 0.057639 0.155078 0.090278
2 6 0.197852 0.327083 0.062891 0.219444
2 7 0.341992 0.586111 0.133984 0.100000
2 8 0.156836 0.347917 0.069922 0.211111
2 9 0.281445 0.355556 0.163672 0.097222
2 10 0.243359 0.484028 0.175000 0.109722
2 14 0.876172 0.747222 0.090625 0.056944
2 15 0.851172 0.527083 0.096875 0.080556
2 16 0.213867 0.191319 0.161328 0.113194
2 18 0.063477 0.521875 0.126953 0.122917
2 19 0.143555 0.626042 0.169141 0.096528
2 23 0.588086 0.539583 0.115234 0.059722
2 24 0.189258 0.686111 0.188672 0.118056
2 25 0.673242 0.581944 0.134766 0.136111
2 27 0.315234 0.709028 0.089063 0.059722
2 28 0.626563 0.449306 0.056250 0.218056
2 29 0.864844 0.600694 0.069531 0.055556