2 4 0.409766 0.094444 0.157812 0.095833
2 6 0.247070 0.119792 0.094141 0.164583
2 7 0.392188 0.538542 0.136719 0.090972
2 8 0.224805 0.133681 0.142578 0.188194
2 9 0.393359 0.268403 0.226562 0.118750
2 10 0.349609 0.491319 0.183594 0.110417
2 14 0.945898 0.776042 0.073828 0.067361
2 15 0.884570 0.543056 0.080859 0.126389
2 16 0.354492 0.181944 0.223047 0.136111
2 18 0.193945 0.588889 0.206641 0.111111
2 19 0.275781 0.634028 0.189844 0.126389
2 23 0.660156 0.502778 0.103906 0.120833
2 24 0.314648 0.698611 0.197266 0.101389
2 25 0.733789 0.507986 0.085547 0.193750
2 27 0.324805 0.757292 0.059766 0.060417
2 28 0.643750 0.582986 0.134375 0.159028
2 29 0.908789 0.615278 0.101172 0.073611
2 33 0.609570 0.948264 0.076172 0.102083