2 4 0.321875 0.059028 0.155469 0.090278
2 6 0.201953 0.309028 0.064844 0.227778
2 7 0.345508 0.587153 0.133203 0.110417
2 8 0.160156 0.339236 0.070312 0.213194
2 9 0.285156 0.352431 0.167969 0.097917
2 10 0.249609 0.485069 0.174219 0.107639
2 14 0.878906 0.746528 0.088281 0.061111
2 15 0.854102 0.527083 0.095703 0.080556
2 16 0.227344 0.194792 0.158594 0.111806
2 18 0.068359 0.524306 0.136719 0.126389
2 19 0.150781 0.625694 0.166406 0.102778
2 23 0.589063 0.538889 0.107813 0.065278
2 24 0.197266 0.679861 0.189844 0.125000
2 25 0.680078 0.574653 0.135937 0.117361
2 27 0.316992 0.708333 0.089453 0.061111
2 28 0.628125 0.456597 0.059375 0.221528
2 29 0.869336 0.601736 0.064453 0.056250