2 4 0.412891 0.110417 0.170313 0.076389
2 7 0.392578 0.590625 0.153906 0.107639
2 8 0.199609 0.114931 0.160938 0.084028
2 9 0.451953 0.263194 0.275781 0.140278
2 10 0.371484 0.530903 0.176563 0.164583
2 14 0.940625 0.804514 0.070312 0.054861
2 15 0.876172 0.586806 0.082031 0.097222
2 16 0.399219 0.203819 0.248438 0.181250
2 18 0.238867 0.653472 0.238672 0.208333
2 19 0.297266 0.660417 0.250000 0.159722
2 23 0.648242 0.520833 0.101172 0.155556
2 24 0.325000 0.751389 0.216406 0.088889
2 25 0.727344 0.512500 0.085156 0.179167
2 27 0.293359 0.793403 0.093750 0.047917
2 28 0.624414 0.672917 0.158203 0.105556
2 29 0.886133 0.653472 0.101953 0.076389
2 33 0.615039 0.941319 0.058984 0.115972