2 4 0.414648 0.095486 0.167578 0.075694
2 6 0.249219 0.139931 0.064844 0.188194
2 7 0.404102 0.547569 0.154297 0.090972
2 8 0.219531 0.160764 0.116406 0.196528
2 9 0.395703 0.309028 0.201563 0.166667
2 10 0.348828 0.500347 0.192188 0.124306
2 14 0.955469 0.775347 0.080469 0.063194
2 15 0.895117 0.551389 0.080078 0.119444
2 16 0.357227 0.198611 0.200391 0.143056
2 18 0.185352 0.592708 0.216797 0.121528
2 19 0.278125 0.654514 0.164062 0.140972
2 23 0.664844 0.524653 0.113281 0.121528
2 24 0.316016 0.692361 0.191406 0.108333
2 25 0.743945 0.522222 0.096484 0.187500
2 27 0.336523 0.748958 0.074609 0.065972
2 28 0.659570 0.569097 0.126172 0.178472
2 29 0.917773 0.622569 0.101172 0.074306
2 33 0.613867 0.962500 0.079297 0.075000