2 4 0.262891 0.030556 0.132031 0.059722
2 6 0.169336 0.443056 0.058203 0.238889
2 7 0.331641 0.628472 0.104688 0.141667
2 8 0.117578 0.426389 0.105469 0.173611
2 9 0.223633 0.318750 0.162109 0.104167
2 10 0.193359 0.418403 0.162500 0.156250
2 14 0.831445 0.729167 0.073047 0.047222
2 15 0.825391 0.547917 0.099219 0.104167
2 16 0.143164 0.160764 0.158203 0.106250
2 19 0.068359 0.604861 0.136719 0.090278
2 23 0.555664 0.533333 0.083984 0.050000
2 24 0.107617 0.660764 0.174609 0.100694
2 25 0.619336 0.574653 0.137891 0.089583
2 27 0.299023 0.681944 0.102734 0.052778
2 28 0.640820 0.351042 0.048047 0.159028
2 29 0.841602 0.587847 0.080078 0.064583