2 4 0.294336 0.055556 0.147266 0.081944
2 6 0.171484 0.368403 0.088281 0.232639
2 7 0.327930 0.606250 0.135547 0.095833
2 8 0.147266 0.388889 0.078906 0.229167
2 9 0.258789 0.345139 0.163672 0.113889
2 10 0.216406 0.468403 0.171875 0.109028
2 14 0.850781 0.749306 0.081250 0.065278
2 15 0.838477 0.547917 0.104297 0.093056
2 16 0.190430 0.180208 0.146484 0.100694
2 18 0.040430 0.507292 0.080078 0.100694
2 19 0.110156 0.620833 0.164844 0.087500
2 23 0.569922 0.544792 0.116406 0.068750
2 24 0.156250 0.677778 0.183594 0.104167
2 25 0.654883 0.581944 0.133203 0.105556
2 27 0.305859 0.707986 0.096094 0.057639
2 28 0.627930 0.444444 0.037891 0.165278
2 29 0.853711 0.604861 0.076172 0.050000