2 4 0.412695 0.112500 0.171484 0.079167
2 7 0.393750 0.594097 0.153906 0.100694
2 8 0.200586 0.115278 0.162109 0.080556
2 9 0.457031 0.250000 0.285156 0.120833
2 10 0.372070 0.526736 0.182422 0.156250
2 14 0.941406 0.807292 0.069531 0.056250
2 15 0.877539 0.598611 0.091797 0.109722
2 16 0.404297 0.206250 0.252344 0.193056
2 18 0.243945 0.652083 0.243359 0.218056
2 19 0.301563 0.667708 0.253125 0.147917
2 23 0.647266 0.517361 0.100781 0.158333
2 24 0.326367 0.757292 0.221484 0.104861
2 25 0.722266 0.509375 0.078906 0.172917
2 27 0.294531 0.800000 0.094531 0.052778
2 28 0.622852 0.676042 0.166016 0.111806
2 29 0.887109 0.655903 0.100000 0.081250
2 33 0.614648 0.942014 0.062109 0.114583