2 4 0.406445 0.099653 0.151953 0.099306
2 7 0.389844 0.547917 0.151562 0.081944
2 8 0.211719 0.132986 0.129688 0.174306
2 9 0.392578 0.266319 0.227344 0.131250
2 10 0.347461 0.493056 0.189453 0.115278
2 14 0.940039 0.780208 0.073047 0.063194
2 15 0.877539 0.538889 0.083203 0.129167
2 16 0.354883 0.174306 0.232422 0.112500
2 18 0.196680 0.593750 0.211328 0.120833
2 19 0.281641 0.629167 0.192969 0.111111
2 23 0.656641 0.504514 0.114062 0.128472
2 24 0.313867 0.704167 0.200391 0.098611
2 25 0.735742 0.503472 0.078516 0.191667
2 27 0.318555 0.764931 0.068359 0.071528
2 28 0.636523 0.594792 0.143359 0.159028
2 29 0.897852 0.623264 0.110547 0.064583
2 33 0.610156 0.944444 0.071094 0.109722