2 4 0.409961 0.104861 0.155859 0.088889
2 7 0.387500 0.572222 0.158594 0.112500
2 8 0.204883 0.121528 0.154297 0.115278
2 9 0.445703 0.296528 0.239063 0.197222
2 10 0.367969 0.517361 0.166406 0.147222
2 14 0.942187 0.794792 0.060156 0.052083
2 15 0.877930 0.568750 0.075391 0.123611
2 16 0.387891 0.190972 0.234375 0.137500
2 18 0.226172 0.643403 0.231250 0.195139
2 19 0.282813 0.655556 0.232813 0.150000
2 23 0.645117 0.518056 0.096484 0.144444
2 24 0.323828 0.735764 0.207031 0.107639
2 25 0.734766 0.511458 0.078906 0.171528
2 27 0.300977 0.785069 0.080078 0.065972
2 28 0.625391 0.648264 0.155469 0.118750
2 29 0.891406 0.642361 0.104688 0.073611
2 33 0.614453 0.942708 0.056250 0.113194