2 4 0.304883 0.056597 0.152734 0.089583
2 6 0.185742 0.342014 0.070703 0.224306
2 7 0.331445 0.591667 0.136328 0.091667
2 8 0.152539 0.376042 0.070703 0.215972
2 9 0.269141 0.354861 0.168750 0.109722
2 10 0.226953 0.475000 0.177344 0.105556
2 14 0.862109 0.743056 0.085938 0.061111
2 15 0.845898 0.534375 0.098047 0.085417
2 16 0.202344 0.186111 0.147656 0.105556
2 18 0.050977 0.509375 0.101953 0.124306
2 19 0.123633 0.625694 0.174609 0.091667
2 23 0.578320 0.537500 0.116016 0.062500
2 24 0.173242 0.675347 0.180078 0.113194
2 25 0.666406 0.581597 0.125000 0.125694
2 27 0.312500 0.709375 0.090625 0.059028
2 28 0.626367 0.433333 0.041016 0.205556
2 29 0.859961 0.596528 0.068359 0.052778