2 4 0.415820 0.129167 0.176172 0.087500
2 7 0.394727 0.594792 0.130078 0.068750
2 8 0.193750 0.146181 0.159375 0.089583
2 9 0.484961 0.237500 0.313672 0.156944
2 10 0.373633 0.525694 0.218359 0.145833
2 14 0.937695 0.817361 0.069922 0.062500
2 15 0.872461 0.599306 0.109766 0.116667
2 16 0.429883 0.200347 0.280078 0.190972
2 18 0.260937 0.659375 0.267969 0.217361
2 19 0.323828 0.694444 0.259375 0.183333
2 23 0.644922 0.518750 0.107813 0.151389
2 24 0.326758 0.771181 0.231641 0.118750
2 25 0.717383 0.504514 0.098828 0.160417
2 28 0.615625 0.701736 0.172656 0.117361
2 29 0.882617 0.669792 0.109766 0.092361
2 33 0.610352 0.939583 0.063672 0.119444