2 4 0.416797 0.137153 0.176563 0.102083
2 7 0.389844 0.597569 0.133594 0.071528
2 8 0.199609 0.150694 0.134375 0.084722
2 9 0.501563 0.235764 0.314844 0.179861
2 10 0.374219 0.531597 0.232813 0.145139
2 14 0.929297 0.812847 0.065625 0.057639
2 15 0.868750 0.605903 0.114844 0.114583
2 16 0.434570 0.180556 0.295703 0.172222
2 18 0.265820 0.663542 0.271484 0.197917
2 19 0.334375 0.702431 0.249219 0.197917
2 23 0.640625 0.518403 0.114844 0.159028
2 24 0.325977 0.773264 0.233203 0.122917
2 25 0.711133 0.508333 0.100391 0.155556
2 28 0.608203 0.725000 0.181250 0.101389
2 29 0.873437 0.677431 0.117969 0.093750
2 33 0.604492 0.937153 0.063672 0.124306