2 4 0.406836 0.105903 0.161328 0.085417
2 6 0.257031 0.190278 0.080469 0.230556
2 7 0.412695 0.576736 0.142578 0.131250
2 8 0.207227 0.232639 0.093359 0.204167
2 9 0.400977 0.373264 0.153516 0.214583
2 10 0.347266 0.515972 0.175000 0.145833
2 14 0.954102 0.781250 0.083984 0.054167
2 15 0.904297 0.546528 0.078906 0.094444
2 16 0.332422 0.226736 0.193750 0.142361
2 18 0.167773 0.589931 0.198047 0.140972
2 19 0.248242 0.648264 0.161328 0.093750
2 23 0.662695 0.544792 0.123047 0.103472
2 24 0.303906 0.696875 0.192188 0.100694
2 25 0.749023 0.552083 0.100391 0.161111
2 27 0.354687 0.748958 0.084375 0.046528
2 28 0.669531 0.560764 0.105469 0.186806
2 29 0.919141 0.621875 0.100781 0.095139