2 4 0.345508 0.064583 0.151172 0.086111
2 6 0.211719 0.272222 0.080469 0.186111
2 7 0.370312 0.597222 0.118750 0.136111
2 8 0.182227 0.298264 0.077734 0.220139
2 9 0.309180 0.349653 0.169922 0.132639
2 10 0.276953 0.488194 0.165625 0.095833
2 14 0.895117 0.762153 0.096484 0.072917
2 15 0.865820 0.539583 0.091016 0.087500
2 16 0.254688 0.195486 0.167187 0.097917
2 18 0.086914 0.535764 0.173828 0.120139
2 19 0.175977 0.624306 0.148828 0.109722
2 23 0.614844 0.537500 0.121094 0.066667
2 24 0.226172 0.685069 0.185156 0.111806
2 25 0.694336 0.567014 0.126172 0.104861
2 27 0.326758 0.711458 0.089453 0.063194
2 28 0.634180 0.497569 0.073828 0.203472
2 29 0.883008 0.618056 0.070703 0.068056