2 4 0.349805 0.070139 0.147266 0.087500
2 6 0.219531 0.257986 0.093750 0.182639
2 7 0.376953 0.595833 0.115625 0.134722
2 8 0.183594 0.292361 0.072656 0.220833
2 9 0.320898 0.352431 0.169922 0.143750
2 10 0.285352 0.496528 0.164453 0.109722
2 14 0.902734 0.761458 0.091406 0.074306
2 15 0.869922 0.540972 0.086719 0.090278
2 16 0.258984 0.197917 0.175781 0.090278
2 18 0.094141 0.543750 0.188281 0.123611
2 19 0.187500 0.628472 0.150781 0.119444
2 23 0.617969 0.542708 0.123438 0.070139
2 24 0.235937 0.680556 0.189844 0.100000
2 25 0.699609 0.567014 0.117969 0.104861
2 27 0.326562 0.715625 0.085156 0.068750
2 28 0.635938 0.506250 0.078125 0.195833
2 29 0.889453 0.617014 0.067969 0.071528