2 4 0.326562 0.060417 0.155469 0.090278
2 6 0.204492 0.303125 0.068359 0.221528
2 7 0.350586 0.590278 0.132422 0.111111
2 8 0.163672 0.333681 0.070312 0.220139
2 9 0.288672 0.349306 0.171875 0.098611
2 10 0.254297 0.485764 0.174219 0.104861
2 14 0.881250 0.748611 0.093750 0.062500
2 15 0.856445 0.530208 0.096484 0.079861
2 16 0.228320 0.195486 0.167578 0.107639
2 18 0.071680 0.524653 0.143359 0.128472
2 19 0.155273 0.623958 0.165234 0.106250
2 23 0.590625 0.535417 0.110937 0.066667
2 24 0.200586 0.681250 0.191016 0.111111
2 25 0.682813 0.569444 0.139063 0.109722
2 27 0.319727 0.708681 0.089453 0.063194
2 28 0.629297 0.464583 0.060937 0.216667
2 29 0.872070 0.607639 0.063672 0.062500