2 4 0.342969 0.064236 0.152344 0.086806
2 6 0.202930 0.280208 0.064453 0.199306
2 7 0.365430 0.599306 0.119922 0.136111
2 8 0.181055 0.303125 0.080859 0.211806
2 9 0.305664 0.350694 0.171484 0.125000
2 10 0.273438 0.486111 0.167969 0.088889
2 14 0.891406 0.761111 0.100781 0.068056
2 15 0.863477 0.539931 0.093359 0.079861
2 16 0.252734 0.194792 0.159375 0.100694
2 18 0.083789 0.533681 0.167578 0.120139
2 19 0.172070 0.622569 0.152734 0.110417
2 23 0.610938 0.540625 0.118750 0.065972
2 24 0.220312 0.686111 0.189062 0.112500
2 25 0.691602 0.568750 0.133984 0.105556
2 27 0.326172 0.711111 0.090625 0.062500
2 28 0.631836 0.487500 0.073047 0.216667
2 29 0.877734 0.617708 0.072656 0.065972