2 4 0.317188 0.057639 0.155469 0.090278
2 6 0.200000 0.318056 0.064062 0.223611
2 7 0.343750 0.586806 0.133594 0.105556
2 8 0.156641 0.344792 0.070312 0.206250
2 9 0.281250 0.354861 0.164062 0.097222
2 10 0.244922 0.484028 0.174219 0.109722
2 14 0.877539 0.746875 0.089453 0.059028
2 15 0.852930 0.527083 0.096484 0.080556
2 16 0.220703 0.193056 0.160156 0.112500
2 18 0.064844 0.522917 0.129688 0.123611
2 19 0.146094 0.626389 0.167187 0.098611
2 23 0.587109 0.537500 0.109375 0.062500
2 24 0.195312 0.688194 0.188281 0.113889
2 25 0.674609 0.577083 0.133594 0.120833
2 27 0.314258 0.707639 0.089453 0.058333
2 28 0.627539 0.456250 0.058203 0.215278
2 29 0.867188 0.601736 0.067187 0.056250