2 4 0.414453 0.097569 0.167187 0.075694
2 6 0.253711 0.143056 0.065234 0.202778
2 7 0.408008 0.550694 0.151953 0.097222
2 8 0.214453 0.167708 0.107031 0.197917
2 9 0.400000 0.317361 0.192188 0.191667
2 10 0.351758 0.500694 0.189453 0.126389
2 14 0.957617 0.777083 0.083203 0.061111
2 15 0.900000 0.548611 0.075000 0.113889
2 16 0.358984 0.203472 0.192969 0.141667
2 18 0.183594 0.593403 0.217188 0.124306
2 19 0.278711 0.655556 0.160547 0.140278
2 23 0.665820 0.525000 0.113672 0.116667
2 24 0.315820 0.692361 0.192578 0.109722
2 25 0.744727 0.529514 0.092578 0.181250
2 27 0.340820 0.750000 0.077734 0.061111
2 28 0.663867 0.568750 0.124609 0.176389
2 29 0.921289 0.626389 0.096484 0.080556
2 33 0.615234 0.966319 0.081250 0.065972