2 4 0.406641 0.104861 0.150000 0.104167
2 7 0.390039 0.551389 0.150391 0.083333
2 8 0.208984 0.131250 0.128125 0.159722
2 9 0.408594 0.276736 0.235156 0.163194
2 10 0.346484 0.498958 0.196875 0.115972
2 14 0.936133 0.802778 0.073047 0.080556
2 15 0.881055 0.545833 0.070703 0.140278
2 16 0.364844 0.173958 0.235156 0.111806
2 18 0.206055 0.608681 0.213672 0.145139
2 19 0.275391 0.632292 0.219531 0.113194
2 23 0.648047 0.518750 0.107031 0.147222
2 24 0.317383 0.714236 0.202734 0.095139
2 25 0.738867 0.504167 0.072266 0.179167
2 27 0.310156 0.769792 0.070312 0.068750
2 28 0.633594 0.615972 0.145313 0.143056
2 29 0.894922 0.631597 0.104688 0.070139
2 33 0.609570 0.943750 0.063672 0.111111