2 4 0.381641 0.088889 0.156250 0.091667
2 6 0.237891 0.221875 0.085156 0.214583
2 7 0.401367 0.580556 0.124609 0.145833
2 8 0.206055 0.265278 0.094141 0.222222
2 9 0.365430 0.376042 0.153516 0.195139
2 10 0.324219 0.515972 0.155469 0.148611
2 14 0.934375 0.772222 0.082031 0.045833
2 15 0.891602 0.537847 0.078516 0.090972
2 16 0.298828 0.217014 0.181250 0.127083
2 18 0.126758 0.564583 0.205078 0.129167
2 19 0.221289 0.630903 0.158203 0.111806
2 23 0.645117 0.542708 0.119141 0.077083
2 24 0.271094 0.688542 0.192188 0.103472
2 25 0.724414 0.562500 0.114453 0.148611
2 27 0.342187 0.719444 0.094531 0.061111
2 28 0.657031 0.536458 0.079687 0.174306
2 29 0.909180 0.616667 0.077734 0.077778