2 4 0.414062 0.102083 0.165625 0.075000
2 6 0.257422 0.159722 0.066406 0.215278
2 7 0.410547 0.562500 0.152344 0.093056
2 8 0.209570 0.187500 0.091016 0.195833
2 9 0.404687 0.339236 0.178125 0.217361
2 10 0.352539 0.501736 0.186328 0.118750
2 14 0.956250 0.777778 0.083594 0.059722
2 15 0.903320 0.549306 0.076172 0.113889
2 16 0.355273 0.211806 0.188672 0.145833
2 18 0.181250 0.594097 0.213281 0.131250
2 19 0.273047 0.665625 0.160156 0.139583
2 23 0.668750 0.529167 0.121094 0.108333
2 24 0.313281 0.700347 0.193750 0.102083
2 25 0.749219 0.537153 0.094531 0.182639
2 27 0.347461 0.750347 0.083984 0.054861
2 28 0.667969 0.563889 0.120313 0.183333
2 29 0.920898 0.618750 0.101172 0.088889
2 33 0.618555 0.973611 0.073828 0.052778