2 4 0.347656 0.067708 0.149219 0.086806
2 6 0.220117 0.263194 0.096484 0.172222
2 7 0.375000 0.595139 0.117188 0.136111
2 8 0.182812 0.292361 0.074219 0.227778
2 9 0.315039 0.351042 0.169922 0.138194
2 10 0.281445 0.490278 0.165234 0.098611
2 14 0.898438 0.762500 0.092188 0.077778
2 15 0.867969 0.539236 0.088281 0.095139
2 16 0.256445 0.196181 0.174609 0.095139
2 18 0.090625 0.540278 0.181250 0.122222
2 19 0.182031 0.626736 0.150000 0.114583
2 23 0.616992 0.543750 0.118359 0.072222
2 24 0.231836 0.679514 0.185547 0.096528
2 25 0.696680 0.571181 0.119922 0.100694
2 27 0.326367 0.712500 0.083984 0.062500
2 28 0.633789 0.500694 0.079297 0.202778
2 29 0.888086 0.617361 0.068359 0.069444