2 4 0.413867 0.103472 0.164453 0.076389
2 6 0.257422 0.163542 0.067969 0.224306
2 7 0.412109 0.568056 0.148438 0.095833
2 8 0.208984 0.198264 0.096875 0.195139
2 9 0.403320 0.348264 0.172266 0.218750
2 10 0.352539 0.506597 0.183984 0.128472
2 14 0.955078 0.778472 0.082812 0.059722
2 15 0.902148 0.550347 0.081641 0.110417
2 16 0.353906 0.214583 0.185156 0.145833
2 18 0.180078 0.594444 0.209375 0.134722
2 19 0.267969 0.663542 0.160938 0.129861
2 23 0.664453 0.531250 0.112500 0.101389
2 24 0.310742 0.700347 0.193359 0.104861
2 25 0.747070 0.542361 0.098828 0.176389
2 27 0.346875 0.749653 0.087500 0.056250
2 28 0.669141 0.561458 0.119531 0.184028
2 29 0.922852 0.619792 0.098047 0.088194
2 33 0.617383 0.977431 0.069922 0.043750