2 4 0.409570 0.106250 0.153516 0.098611
2 7 0.389258 0.567361 0.156641 0.102778
2 8 0.212695 0.129861 0.155078 0.134722
2 9 0.432422 0.292708 0.232031 0.207639
2 10 0.357812 0.520139 0.182031 0.150000
2 14 0.937109 0.796875 0.077344 0.052083
2 15 0.879883 0.559722 0.070703 0.129167
2 16 0.383398 0.187847 0.218359 0.124306
2 18 0.219336 0.631597 0.222266 0.175694
2 19 0.278320 0.647569 0.229297 0.136806
2 23 0.646094 0.517708 0.099219 0.143750
2 24 0.318750 0.725347 0.207813 0.107639
2 25 0.733398 0.507986 0.067578 0.174306
2 27 0.306836 0.778819 0.073047 0.070139
2 28 0.625000 0.638889 0.157812 0.130556
2 29 0.892969 0.642014 0.100781 0.068750
2 33 0.612891 0.941667 0.057031 0.115278