2 4 0.389844 0.094097 0.157812 0.086806
2 6 0.245117 0.214236 0.082422 0.218750
2 7 0.404492 0.579167 0.129297 0.143056
2 8 0.206445 0.254861 0.094141 0.218056
2 9 0.379297 0.376042 0.150000 0.207639
2 10 0.332422 0.512153 0.159375 0.154861
2 14 0.938672 0.775000 0.085156 0.050000
2 15 0.897656 0.539583 0.074219 0.090278
2 16 0.307617 0.221181 0.183203 0.132639
2 18 0.136719 0.572569 0.210156 0.132639
2 19 0.225391 0.641319 0.165625 0.110417
2 23 0.652930 0.544792 0.121484 0.086806
2 24 0.282422 0.692708 0.189062 0.111806
2 25 0.737891 0.554514 0.114844 0.135417
2 27 0.347461 0.725347 0.092578 0.060417
2 28 0.660937 0.543056 0.085156 0.175000
2 29 0.914062 0.616667 0.083594 0.084722