2 4 0.407617 0.105903 0.150391 0.106250
2 7 0.389648 0.555208 0.145703 0.079861
2 8 0.208203 0.130903 0.126562 0.156250
2 9 0.414258 0.281597 0.233203 0.171528
2 10 0.345117 0.501736 0.198828 0.120139
2 14 0.937695 0.801389 0.076953 0.066667
2 15 0.880859 0.545833 0.070312 0.143056
2 16 0.366406 0.175347 0.237500 0.111806
2 18 0.206445 0.609028 0.219141 0.143056
2 19 0.284375 0.635069 0.203125 0.113194
2 23 0.651758 0.513194 0.110547 0.144444
2 24 0.317578 0.715972 0.203125 0.098611
2 25 0.736523 0.504167 0.067578 0.179167
2 27 0.310547 0.770833 0.071875 0.066667
2 28 0.632812 0.620833 0.150000 0.137500
2 29 0.892578 0.635069 0.107813 0.065972
2 33 0.610547 0.943750 0.062500 0.111111