2 4 0.290234 0.053819 0.143750 0.078472
2 6 0.171875 0.379167 0.086719 0.222222
2 7 0.330469 0.607639 0.127344 0.094444
2 8 0.143945 0.395486 0.083984 0.231250
2 9 0.253711 0.336806 0.163672 0.106944
2 10 0.211328 0.463542 0.174219 0.106250
2 14 0.845313 0.744097 0.082812 0.063194
2 15 0.837305 0.550347 0.104297 0.102083
2 16 0.183398 0.176389 0.148047 0.094444
2 18 0.037109 0.502778 0.073438 0.095833
2 19 0.104492 0.616667 0.165234 0.086111
2 23 0.573438 0.543750 0.099219 0.073611
2 24 0.148047 0.674653 0.180469 0.111806
2 25 0.649023 0.586806 0.137109 0.115278
2 27 0.302734 0.703819 0.096094 0.061806
2 28 0.627344 0.432639 0.036719 0.166667
2 29 0.846289 0.597917 0.084766 0.065278