2 4 0.238477 0.032986 0.151953 0.063194
2 6 0.155664 0.468750 0.055078 0.223611
2 7 0.324023 0.646528 0.100391 0.154167
2 8 0.106641 0.440625 0.105469 0.154861
2 9 0.209570 0.321875 0.158203 0.111806
2 10 0.181836 0.420139 0.159766 0.158333
2 14 0.818750 0.731250 0.065625 0.054167
2 15 0.816406 0.551389 0.098437 0.095833
2 16 0.126367 0.164583 0.151953 0.108333
2 19 0.059180 0.610764 0.118359 0.084028
2 23 0.544922 0.531944 0.076563 0.052778
2 24 0.089063 0.671528 0.171875 0.095833
2 25 0.607617 0.578472 0.130859 0.094444
2 27 0.290625 0.686458 0.098437 0.052083
2 28 0.635156 0.339236 0.054688 0.164583
2 29 0.830469 0.585417 0.087500 0.063889