2 4 0.296680 0.055556 0.148828 0.086111
2 6 0.174023 0.361806 0.086328 0.222222
2 7 0.325781 0.602778 0.142187 0.094444
2 8 0.148633 0.384375 0.078516 0.228472
2 9 0.262891 0.347917 0.159375 0.115278
2 10 0.219727 0.471181 0.170703 0.109028
2 14 0.856445 0.747222 0.086328 0.063889
2 15 0.841016 0.544444 0.102344 0.087500
2 16 0.193750 0.182292 0.145313 0.102083
2 18 0.042773 0.510764 0.085547 0.104861
2 19 0.113867 0.624653 0.164453 0.088194
2 23 0.571875 0.542014 0.107813 0.068750
2 24 0.162500 0.675000 0.176563 0.111111
2 25 0.656641 0.582639 0.130469 0.105556
2 27 0.307031 0.708333 0.093750 0.056944
2 28 0.630469 0.442014 0.039062 0.174306
2 29 0.855664 0.603472 0.073047 0.050000