2 4 0.302930 0.056944 0.151953 0.090278
2 6 0.184375 0.344792 0.070312 0.221528
2 7 0.329883 0.593056 0.136328 0.090278
2 8 0.151953 0.376389 0.074219 0.222222
2 9 0.267969 0.354861 0.167187 0.112500
2 10 0.224609 0.475694 0.179688 0.108333
2 14 0.858984 0.744097 0.083594 0.059028
2 15 0.843164 0.540972 0.100391 0.083333
2 16 0.198633 0.185069 0.145703 0.103472
2 18 0.050000 0.507986 0.100000 0.127083
2 19 0.122070 0.626042 0.173047 0.090972
2 23 0.574414 0.537500 0.114453 0.068056
2 24 0.169922 0.674653 0.180469 0.111806
2 25 0.663477 0.580556 0.126953 0.116667
2 27 0.311133 0.708681 0.091016 0.059028
2 28 0.628125 0.457292 0.042188 0.156250
2 29 0.856641 0.597917 0.072656 0.052778