2 4 0.306836 0.057292 0.153516 0.089583
2 6 0.187109 0.339236 0.071094 0.227083
2 7 0.333008 0.589931 0.136328 0.092361
2 8 0.152930 0.369444 0.068359 0.216667
2 9 0.272266 0.354514 0.165625 0.106250
2 10 0.229297 0.478125 0.179688 0.107639
2 14 0.864844 0.742014 0.088281 0.063194
2 15 0.846680 0.531250 0.099609 0.079167
2 16 0.205469 0.186111 0.149219 0.106944
2 18 0.053320 0.512500 0.106641 0.125000
2 19 0.127734 0.625694 0.173437 0.091667
2 23 0.575391 0.538194 0.110937 0.061111
2 24 0.180469 0.678819 0.180469 0.115972
2 25 0.666211 0.578125 0.132422 0.127083
2 27 0.313867 0.709028 0.090234 0.058333
2 28 0.626563 0.429514 0.045312 0.213194
2 29 0.862891 0.595139 0.064062 0.052778