2 4 0.268359 0.030903 0.135937 0.057639
2 6 0.173047 0.431944 0.057813 0.238889
2 7 0.332422 0.630903 0.106250 0.149306
2 8 0.122656 0.419097 0.103906 0.181250
2 9 0.228711 0.318403 0.162109 0.104861
2 10 0.196289 0.419444 0.162891 0.152778
2 14 0.836523 0.728472 0.069141 0.050000
2 15 0.830273 0.545139 0.098047 0.104167
2 16 0.149609 0.161458 0.153125 0.109028
2 19 0.072852 0.604514 0.145703 0.093750
2 23 0.557227 0.529514 0.078516 0.054861
2 24 0.112695 0.654861 0.173828 0.113889
2 25 0.627148 0.570486 0.137891 0.095139
2 27 0.300977 0.682986 0.103516 0.054861
2 28 0.642773 0.359375 0.044141 0.153472
2 29 0.843359 0.588194 0.082031 0.068056