2 4 0.292187 0.055903 0.146094 0.078472
2 6 0.171875 0.374306 0.087500 0.227778
2 7 0.329492 0.608681 0.128516 0.096528
2 8 0.145703 0.392014 0.081250 0.229861
2 9 0.254492 0.341319 0.167578 0.111806
2 10 0.212695 0.464583 0.173047 0.108333
2 14 0.848047 0.746875 0.082031 0.064583
2 15 0.838086 0.549653 0.104297 0.097917
2 16 0.186914 0.178819 0.147266 0.097917
2 18 0.037695 0.503819 0.074609 0.096528
2 19 0.105859 0.617014 0.164844 0.086806
2 23 0.576172 0.545486 0.103125 0.067361
2 24 0.153516 0.674653 0.179688 0.102083
2 25 0.650781 0.585764 0.133594 0.111806
2 27 0.304297 0.706250 0.096094 0.059722
2 28 0.628320 0.431944 0.034766 0.169444
2 29 0.850000 0.601736 0.080469 0.057639