2 4 0.408594 0.107292 0.150781 0.107639
2 7 0.390625 0.559375 0.148438 0.088194
2 8 0.206250 0.131944 0.128906 0.147222
2 9 0.419727 0.285764 0.230859 0.179861
2 10 0.347461 0.512847 0.197266 0.136806
2 14 0.938672 0.799306 0.080469 0.052778
2 15 0.882227 0.551736 0.068359 0.138194
2 16 0.374414 0.180208 0.223047 0.114583
2 18 0.213477 0.617708 0.210547 0.159028
2 19 0.274414 0.639583 0.226953 0.119444
2 23 0.649219 0.515278 0.107031 0.141667
2 24 0.317578 0.716667 0.203125 0.101389
2 25 0.735352 0.510069 0.066797 0.182639
2 27 0.308789 0.776389 0.072266 0.070833
2 28 0.629883 0.626389 0.152734 0.138889
2 29 0.893750 0.638194 0.105469 0.065278
2 33 0.611523 0.943750 0.059766 0.112500