2 4 0.385547 0.091667 0.157031 0.088889
2 6 0.243164 0.217014 0.082422 0.220139
2 7 0.404883 0.574653 0.126172 0.152083
2 8 0.206055 0.259722 0.091016 0.219444
2 9 0.372461 0.376389 0.151953 0.201389
2 10 0.328320 0.514236 0.157422 0.152083
2 14 0.935937 0.773958 0.085156 0.049306
2 15 0.893945 0.538194 0.076953 0.088889
2 16 0.305078 0.217708 0.179688 0.129861
2 18 0.132031 0.569097 0.207813 0.131250
2 19 0.221484 0.636111 0.166406 0.111111
2 23 0.646289 0.542014 0.119922 0.079861
2 24 0.275391 0.688194 0.190625 0.109722
2 25 0.725391 0.557292 0.106250 0.134028
2 27 0.347852 0.719792 0.087891 0.059028
2 28 0.657813 0.538194 0.082031 0.175000
2 29 0.910352 0.616667 0.082422 0.077778