2 4 0.412891 0.121181 0.175781 0.086806
2 7 0.402539 0.586111 0.126953 0.077778
2 8 0.197461 0.137847 0.155859 0.081250
2 9 0.475000 0.240278 0.301563 0.137500
2 10 0.382812 0.529167 0.183594 0.154167
2 14 0.939063 0.813542 0.072656 0.059028
2 15 0.872070 0.597569 0.108203 0.121528
2 16 0.421484 0.209722 0.267188 0.215278
2 18 0.254883 0.657292 0.262109 0.228472
2 19 0.313281 0.690972 0.264062 0.162500
2 23 0.645703 0.516667 0.102344 0.155556
2 24 0.331641 0.766319 0.221875 0.109028
2 25 0.721094 0.509722 0.087500 0.170833
2 27 0.290234 0.817014 0.097656 0.040972
2 28 0.620117 0.692361 0.165234 0.115278
2 29 0.882617 0.662500 0.111328 0.087500
2 33 0.612500 0.941667 0.064062 0.116667