2 4 0.298828 0.055208 0.150000 0.089583
2 6 0.176172 0.354167 0.084375 0.211111
2 7 0.328125 0.598264 0.135937 0.089583
2 8 0.150000 0.380208 0.078125 0.228472
2 9 0.264844 0.351389 0.162500 0.115278
2 10 0.221094 0.472222 0.176563 0.106944
2 14 0.855469 0.744792 0.088281 0.061806
2 15 0.843359 0.540972 0.100000 0.081944
2 16 0.196680 0.184028 0.144141 0.102778
2 18 0.045898 0.508681 0.091797 0.117361
2 19 0.117188 0.625347 0.167969 0.089583
2 23 0.572070 0.537500 0.101953 0.066667
2 24 0.166211 0.677083 0.178516 0.102778
2 25 0.660156 0.582292 0.128906 0.110417
2 27 0.308008 0.707639 0.091016 0.055556
2 28 0.629687 0.458333 0.039062 0.143056
2 29 0.857227 0.601042 0.069922 0.049306