2 4 0.395508 0.100000 0.159766 0.088889
2 6 0.249609 0.210069 0.079687 0.218750
2 7 0.405469 0.584722 0.137500 0.134722
2 8 0.205664 0.250000 0.094922 0.215278
2 9 0.390625 0.384722 0.151562 0.220833
2 10 0.334766 0.517014 0.170313 0.149306
2 14 0.944922 0.778125 0.086719 0.052083
2 15 0.900391 0.541667 0.073438 0.093056
2 16 0.318359 0.225347 0.182031 0.135417
2 18 0.148242 0.582639 0.208203 0.138889
2 19 0.239844 0.647222 0.153906 0.104167
2 23 0.657422 0.543403 0.130469 0.096528
2 24 0.291797 0.695833 0.186719 0.111111
2 25 0.742188 0.550347 0.098437 0.139583
2 27 0.351562 0.735417 0.086719 0.045833
2 28 0.664062 0.551389 0.089063 0.176389
2 29 0.919336 0.619792 0.083203 0.088194