2 4 0.413086 0.105208 0.162109 0.078472
2 6 0.258203 0.177431 0.082031 0.235417
2 7 0.416797 0.571528 0.145313 0.116667
2 8 0.212891 0.213889 0.107813 0.212500
2 9 0.403320 0.355903 0.164453 0.218750
2 10 0.352148 0.513194 0.178516 0.141667
2 14 0.959766 0.778819 0.078906 0.059028
2 15 0.904883 0.548958 0.082422 0.110417
2 16 0.341211 0.221181 0.194141 0.145139
2 18 0.176563 0.595139 0.205469 0.138889
2 19 0.262305 0.657292 0.161328 0.113194
2 23 0.666602 0.542014 0.123047 0.109028
2 24 0.311328 0.696528 0.192969 0.100000
2 25 0.749414 0.547569 0.101953 0.182639
2 27 0.353320 0.749653 0.089453 0.052083
2 28 0.671289 0.561806 0.113672 0.187500
2 29 0.918945 0.620139 0.108203 0.093056
2 33 0.618750 0.982639 0.070312 0.033333