2 4 0.310937 0.057292 0.154688 0.089583
2 6 0.196094 0.331250 0.060937 0.219444
2 7 0.338086 0.588889 0.133984 0.102778
2 8 0.155078 0.356250 0.067969 0.216667
2 9 0.278711 0.354514 0.162891 0.099306
2 10 0.236523 0.482292 0.178516 0.109028
2 14 0.869141 0.743403 0.089063 0.054861
2 15 0.849219 0.525000 0.096094 0.084722
2 16 0.206836 0.190278 0.166797 0.115278
2 18 0.058789 0.518403 0.117578 0.124306
2 19 0.136133 0.625347 0.171484 0.092361
2 23 0.586914 0.537153 0.114453 0.063194
2 24 0.185547 0.678472 0.183594 0.123611
2 25 0.671289 0.580208 0.132422 0.131250
2 27 0.313672 0.708681 0.089844 0.060417
2 28 0.624609 0.443403 0.055469 0.203472
2 29 0.862109 0.597569 0.067969 0.061806