2 4 0.270898 0.031250 0.137891 0.056944
2 6 0.174219 0.429167 0.057813 0.241667
2 7 0.333398 0.625347 0.107422 0.138194
2 8 0.125195 0.415278 0.103516 0.186111
2 9 0.229883 0.318750 0.162891 0.104167
2 10 0.196875 0.420833 0.162500 0.150000
2 14 0.838867 0.727083 0.073828 0.054167
2 15 0.832812 0.545486 0.100000 0.109028
2 16 0.157031 0.161111 0.150000 0.105556
2 18 0.015820 0.473958 0.031641 0.056250
2 19 0.075586 0.605556 0.151172 0.095833
2 23 0.563672 0.528819 0.082812 0.050694
2 24 0.116406 0.657986 0.181250 0.107639
2 25 0.628125 0.570486 0.139063 0.099306
2 27 0.302344 0.682986 0.103906 0.057639
2 28 0.636133 0.372917 0.028516 0.131944
2 29 0.845898 0.584028 0.080078 0.063889