2 4 0.373047 0.082986 0.160938 0.090972
2 6 0.232813 0.226736 0.092969 0.218750
2 7 0.391211 0.588889 0.128516 0.143056
2 8 0.202734 0.276042 0.092188 0.220139
2 9 0.349023 0.368750 0.162891 0.184722
2 10 0.311719 0.512153 0.160156 0.142361
2 14 0.928516 0.768750 0.080469 0.047222
2 15 0.884766 0.537847 0.082812 0.093750
2 16 0.284961 0.210417 0.183203 0.111111
2 18 0.113086 0.557639 0.205859 0.126389
2 19 0.210352 0.628472 0.159766 0.120833
2 23 0.637695 0.542361 0.123828 0.073611
2 24 0.261328 0.689236 0.189062 0.095139
2 25 0.720898 0.558333 0.110547 0.131944
2 27 0.339453 0.718056 0.093750 0.058333
2 28 0.653320 0.528472 0.075391 0.183333
2 29 0.902148 0.617708 0.074609 0.078472