2 4 0.416602 0.140278 0.176953 0.115278
2 6 0.175781 0.158681 0.095312 0.061806
2 7 0.382031 0.602778 0.142187 0.065278
2 8 0.193555 0.155903 0.137891 0.086806
2 9 0.515430 0.245833 0.318359 0.215278
2 10 0.377148 0.538542 0.240234 0.134028
2 14 0.916992 0.826389 0.071484 0.061111
2 15 0.860938 0.615625 0.130469 0.110417
2 16 0.441602 0.170486 0.309766 0.150694
2 18 0.272266 0.660069 0.278125 0.204861
2 19 0.339453 0.719444 0.250781 0.197222
2 23 0.639258 0.518403 0.117578 0.150694
2 24 0.322656 0.776736 0.234375 0.125694
2 25 0.706836 0.503819 0.113672 0.143750
2 28 0.606055 0.732639 0.185547 0.105556
2 29 0.865820 0.682639 0.118359 0.088889
2 33 0.600391 0.936111 0.066406 0.126389