2 4 0.412305 0.109375 0.166797 0.079861
2 7 0.391211 0.586806 0.153516 0.113889
2 8 0.202148 0.116319 0.158984 0.095139
2 9 0.449609 0.275694 0.263281 0.162500
2 10 0.370312 0.534028 0.170313 0.172222
2 14 0.939844 0.805208 0.066406 0.050694
2 15 0.876758 0.581250 0.080078 0.097222
2 16 0.393945 0.200694 0.244141 0.169444
2 18 0.235742 0.648611 0.236328 0.202778
2 19 0.290820 0.664583 0.247266 0.161111
2 23 0.649414 0.513889 0.101953 0.151389
2 24 0.327344 0.746875 0.210156 0.100694
2 25 0.738281 0.507986 0.088281 0.186806
2 27 0.296484 0.793750 0.092969 0.048611
2 28 0.623047 0.669792 0.155469 0.099306
2 29 0.884570 0.650347 0.103516 0.071528
2 33 0.614453 0.941319 0.059375 0.115972