2 4 0.286523 0.049306 0.138672 0.077778
2 6 0.171875 0.388194 0.085156 0.229167
2 7 0.330273 0.614583 0.124609 0.106944
2 8 0.140430 0.399653 0.090234 0.231250
2 9 0.250391 0.335417 0.160156 0.113889
2 10 0.208594 0.459722 0.175000 0.108333
2 14 0.846094 0.746875 0.082031 0.064583
2 15 0.837109 0.553125 0.103906 0.102083
2 16 0.179297 0.175347 0.146094 0.092361
2 18 0.033398 0.496181 0.066797 0.089583
2 19 0.098633 0.614583 0.161328 0.087500
2 23 0.566406 0.540625 0.096094 0.082639
2 24 0.141016 0.674306 0.185156 0.106944
2 25 0.644336 0.582292 0.140234 0.102083
2 27 0.302344 0.698958 0.100781 0.056250
2 28 0.626953 0.423611 0.033594 0.162500
2 29 0.847656 0.598264 0.079687 0.072917