2 4 0.409375 0.105903 0.160938 0.082639
2 6 0.258203 0.184028 0.085156 0.230556
2 7 0.414453 0.572569 0.143750 0.127083
2 8 0.207617 0.227431 0.094141 0.200694
2 9 0.403320 0.360764 0.158203 0.210417
2 10 0.350586 0.515278 0.179297 0.147222
2 14 0.955469 0.781250 0.087500 0.056944
2 15 0.903320 0.549306 0.083203 0.095833
2 16 0.337500 0.226389 0.194531 0.143056
2 18 0.171289 0.592361 0.201953 0.140278
2 19 0.254688 0.646528 0.160938 0.095833
2 23 0.668945 0.534375 0.116016 0.097917
2 24 0.308398 0.698958 0.191016 0.096528
2 25 0.746289 0.549306 0.089453 0.166667
2 27 0.353125 0.746528 0.083594 0.050000
2 28 0.668359 0.562500 0.112500 0.186111
2 29 0.917773 0.619792 0.105859 0.097917