2 4 0.330664 0.060764 0.155078 0.089583
2 6 0.206641 0.297222 0.071875 0.215278
2 7 0.355273 0.593056 0.131641 0.111111
2 8 0.165430 0.319444 0.073828 0.218056
2 9 0.291602 0.351042 0.173828 0.103472
2 10 0.259961 0.486458 0.171484 0.099306
2 14 0.883008 0.750347 0.098828 0.063194
2 15 0.858203 0.533333 0.096875 0.079167
2 16 0.229297 0.195139 0.176563 0.102778
2 18 0.075195 0.526042 0.150391 0.128472
2 19 0.159570 0.624653 0.162109 0.107639
2 23 0.600586 0.541667 0.124609 0.062500
2 24 0.206445 0.681944 0.187109 0.112500
2 25 0.685547 0.566319 0.139844 0.114583
2 27 0.321484 0.709028 0.089063 0.062500
2 28 0.629883 0.472569 0.062109 0.211806
2 29 0.874219 0.612500 0.062500 0.068056