2 4 0.377344 0.086458 0.155469 0.093750
2 6 0.232422 0.226736 0.087500 0.209028
2 7 0.394922 0.586458 0.127344 0.139583
2 8 0.206445 0.269792 0.095703 0.224306
2 9 0.359961 0.368056 0.151953 0.184722
2 10 0.320508 0.514931 0.158984 0.147917
2 14 0.932813 0.770139 0.078906 0.041667
2 15 0.885742 0.537500 0.080859 0.093056
2 16 0.292187 0.215972 0.182812 0.123611
2 18 0.123633 0.563194 0.205078 0.129167
2 19 0.215820 0.629167 0.161328 0.112500
2 23 0.640234 0.540625 0.118750 0.078472
2 24 0.266406 0.687847 0.193750 0.096528
2 25 0.722266 0.555903 0.114844 0.136806
2 27 0.339453 0.719097 0.095312 0.064583
2 28 0.656055 0.533681 0.076953 0.172917
2 29 0.907422 0.616319 0.072656 0.077083