2 4 0.277539 0.034028 0.138672 0.061111
2 6 0.177344 0.430208 0.066406 0.215972
2 7 0.336914 0.626042 0.111328 0.139583
2 8 0.125781 0.415972 0.096094 0.187500
2 9 0.237500 0.318056 0.161719 0.106944
2 10 0.199805 0.444444 0.170703 0.111111
2 14 0.841211 0.730903 0.077734 0.059028
2 15 0.837500 0.543056 0.099219 0.109722
2 16 0.166992 0.161806 0.146484 0.100000
2 18 0.019727 0.476389 0.039453 0.073611
2 19 0.080859 0.607639 0.161719 0.100000
2 23 0.566797 0.529861 0.091406 0.048611
2 24 0.127539 0.655903 0.173047 0.114583
2 25 0.634961 0.573264 0.140234 0.096528
2 27 0.303320 0.684028 0.103516 0.058333
2 28 0.637500 0.381944 0.032031 0.145833
2 29 0.849805 0.591319 0.077734 0.065972