2 4 0.335352 0.062153 0.155078 0.089583
2 6 0.207031 0.295139 0.072656 0.211111
2 7 0.357227 0.594097 0.130859 0.120139
2 8 0.167187 0.316667 0.074219 0.219444
2 9 0.294141 0.352778 0.175781 0.108333
2 10 0.265039 0.487153 0.168359 0.093750
2 14 0.884961 0.750347 0.101172 0.065972
2 15 0.859961 0.535764 0.094141 0.079861
2 16 0.232227 0.195486 0.176172 0.102083
2 18 0.078516 0.527083 0.157031 0.127778
2 19 0.161719 0.625347 0.163281 0.109028
2 23 0.604102 0.543750 0.115234 0.076389
2 24 0.211719 0.681250 0.189844 0.131944
2 25 0.684961 0.562847 0.141016 0.103472
2 27 0.323047 0.708333 0.088281 0.061111
2 28 0.629883 0.475000 0.065234 0.212500
2 29 0.876953 0.611458 0.061719 0.065972