2 4 0.249414 0.031597 0.141016 0.061806
2 6 0.161328 0.460764 0.057031 0.232639
2 7 0.327734 0.640625 0.101562 0.149306
2 8 0.110937 0.435417 0.106250 0.162500
2 9 0.214648 0.321181 0.160547 0.107639
2 10 0.186719 0.419792 0.160938 0.157639
2 14 0.820898 0.729514 0.064453 0.056250
2 15 0.820508 0.549306 0.098047 0.094444
2 16 0.130859 0.163889 0.153906 0.112500
2 19 0.062695 0.608333 0.125391 0.086111
2 23 0.549414 0.528819 0.075391 0.054861
2 24 0.095898 0.670486 0.170703 0.103472
2 25 0.610156 0.578472 0.135156 0.091667
2 27 0.293164 0.683681 0.104297 0.056250
2 28 0.637305 0.342014 0.044141 0.161806
2 29 0.834180 0.587153 0.082422 0.070139