2 4 0.283984 0.042014 0.137500 0.071528
2 6 0.176172 0.401042 0.071875 0.222917
2 7 0.331445 0.627083 0.118359 0.133333
2 8 0.131641 0.410417 0.092188 0.208333
2 9 0.242969 0.325694 0.164062 0.111111
2 10 0.201172 0.451389 0.175781 0.108333
2 14 0.842187 0.736458 0.075781 0.056250
2 15 0.836133 0.546181 0.104297 0.109028
2 16 0.170898 0.167708 0.152734 0.095139
2 18 0.025391 0.483681 0.050000 0.088194
2 19 0.091016 0.611458 0.160156 0.093750
2 23 0.566992 0.533333 0.097266 0.058333
2 24 0.134180 0.669792 0.178516 0.117361
2 25 0.639844 0.576042 0.139063 0.100694
2 27 0.302539 0.692708 0.103516 0.054861
2 28 0.631445 0.399653 0.030859 0.163194
2 29 0.848437 0.586806 0.081250 0.080556