2 4 0.135156 0.109375 0.045312 0.050694
2 7 0.122852 0.626736 0.131641 0.142361
2 9 0.836133 0.156597 0.276172 0.192361
2 10 0.780469 0.516667 0.417969 0.300000
2 15 0.650391 0.555556 0.111719 0.104167
2 16 0.729102 0.197222 0.276953 0.237500
2 18 0.623828 0.813542 0.387500 0.371528
2 19 0.620703 0.884722 0.321875 0.229167
2 20 0.442188 0.872222 0.239844 0.254167
2 21 0.513477 0.878472 0.225391 0.226389
2 22 0.785352 0.231250 0.066797 0.095833
2 23 0.365234 0.323611 0.132031 0.145833
2 24 0.258789 0.602431 0.294141 0.213194
2 25 0.410938 0.331944 0.158594 0.179167
2 26 0.042773 0.787847 0.085547 0.270139
2 28 0.410938 0.672569 0.186719 0.192361
2 29 0.591992 0.621181 0.171484 0.117361
2 30 0.630664 0.453125 0.104297 0.153472
2 31 0.568555 0.462847 0.130859 0.150694
2 32 0.267578 0.694792 0.046094 0.109028