2 4 0.361914 0.105903 0.194141 0.057639
2 6 0.096289 0.202083 0.094141 0.108333
2 7 0.295508 0.614931 0.158203 0.115972
2 8 0.139063 0.192708 0.085938 0.084028
2 9 0.584961 0.193750 0.337891 0.216667
2 10 0.376172 0.520486 0.311719 0.239583
2 14 0.838477 0.794444 0.042578 0.112500
2 15 0.791602 0.626042 0.166797 0.086806
2 16 0.501172 0.135417 0.335938 0.230556
2 18 0.295117 0.726389 0.334766 0.198611
2 19 0.339258 0.817361 0.301953 0.181944
2 23 0.561719 0.473264 0.133594 0.124306
2 25 0.616016 0.468056 0.137500 0.105556
2 26 0.189062 0.862847 0.104688 0.103472
2 28 0.538281 0.753125 0.183594 0.089583
2 29 0.777930 0.687847 0.142578 0.079861
2 33 0.500195 0.881944 0.087891 0.162500
2 34 0.677344 0.925000 0.035156 0.148611