2 4 0.412109 0.135069 0.193750 0.138194
2 6 0.134961 0.187153 0.107422 0.099306
2 7 0.345508 0.617014 0.157422 0.070139
2 8 0.178320 0.171875 0.112109 0.089583
2 9 0.556445 0.216319 0.326953 0.242361
2 10 0.374609 0.537153 0.270313 0.156250
2 14 0.891602 0.815625 0.071484 0.070139
2 15 0.838867 0.626389 0.141797 0.123611
2 16 0.460352 0.174306 0.344141 0.190278
2 18 0.278711 0.679167 0.305859 0.176389
2 19 0.335352 0.785069 0.294141 0.143750
2 23 0.604102 0.509028 0.109766 0.147222
2 24 0.317773 0.808681 0.223047 0.165972
2 25 0.666992 0.492708 0.126172 0.147917
2 26 0.251172 0.852778 0.117188 0.097222
2 28 0.582031 0.752431 0.189062 0.107639
2 29 0.827734 0.685764 0.128125 0.074306
2 33 0.560352 0.921181 0.077734 0.147917
2 34 0.741992 0.955556 0.030078 0.087500