2 4 0.122461 0.109375 0.056641 0.061806
2 7 0.128125 0.628819 0.146875 0.145139
2 9 0.866797 0.111458 0.265625 0.152083
2 10 0.836719 0.534028 0.323437 0.290278
2 15 0.679297 0.530903 0.125000 0.156250
2 16 0.773047 0.220139 0.288281 0.231944
2 18 0.679688 0.804861 0.364844 0.388889
2 19 0.664844 0.890278 0.304688 0.218056
2 20 0.481055 0.840625 0.242578 0.286806
2 21 0.531445 0.847222 0.226953 0.304167
2 22 0.760156 0.244444 0.054688 0.098611
2 23 0.383008 0.298611 0.164453 0.111111
2 24 0.285352 0.575000 0.312891 0.172222
2 25 0.427148 0.331250 0.139453 0.202778
2 26 0.046094 0.768403 0.085156 0.295139
2 28 0.420508 0.661806 0.196484 0.191667
2 29 0.597656 0.605208 0.162500 0.121528
2 30 0.610938 0.473958 0.114844 0.160417
2 31 0.544531 0.481250 0.121094 0.170833
2 32 0.269336 0.691319 0.042578 0.114583