2 4 0.342187 0.109722 0.191406 0.091667
2 6 0.067383 0.213889 0.091797 0.106944
2 7 0.276758 0.625694 0.151172 0.136111
2 8 0.104883 0.200347 0.091797 0.085417
2 9 0.609961 0.198264 0.341797 0.213194
2 10 0.388086 0.481250 0.348047 0.204167
2 15 0.764648 0.632639 0.177734 0.113889
2 16 0.525000 0.091667 0.342187 0.181944
2 18 0.309766 0.746528 0.352344 0.202778
2 19 0.344922 0.837153 0.329688 0.193750
2 23 0.538672 0.446528 0.125781 0.111111
2 24 0.278711 0.785417 0.226172 0.206944
2 25 0.581445 0.442708 0.135547 0.103472
2 26 0.163477 0.849653 0.128516 0.093750
2 28 0.513867 0.755556 0.194141 0.127778
2 29 0.747266 0.684028 0.146875 0.066667
2 31 0.958008 0.375694 0.083203 0.125000
2 33 0.479297 0.868750 0.064062 0.173611
2 34 0.642969 0.908333 0.036719 0.175000