2 4 0.125781 0.108681 0.051562 0.059028
2 7 0.129883 0.629514 0.142578 0.152083
2 9 0.860352 0.125347 0.278516 0.145139
2 10 0.821289 0.527778 0.354297 0.294444
2 15 0.669531 0.544792 0.123438 0.146528
2 16 0.757812 0.213194 0.282031 0.227778
2 18 0.660742 0.808681 0.374609 0.381250
2 19 0.649219 0.888889 0.313281 0.222222
2 20 0.467969 0.848611 0.243750 0.270833
2 21 0.528320 0.858333 0.212891 0.281944
2 22 0.772852 0.234375 0.069141 0.114583
2 23 0.378125 0.303472 0.155469 0.127778
2 24 0.273438 0.582292 0.311719 0.186806
2 25 0.422070 0.330208 0.147266 0.197917
2 26 0.044531 0.775694 0.086719 0.291667
2 28 0.416602 0.664583 0.192578 0.195833
2 29 0.594531 0.609722 0.168750 0.120833
2 30 0.616016 0.469444 0.111719 0.159722
2 31 0.554492 0.475347 0.126953 0.160417
2 32 0.266602 0.690625 0.044141 0.103472