2 4 0.326562 0.106944 0.182031 0.093056
2 6 0.049219 0.225000 0.095312 0.108333
2 7 0.255273 0.624306 0.155859 0.134722
2 8 0.083203 0.209722 0.090625 0.087500
2 9 0.629297 0.201042 0.338281 0.217361
2 10 0.403906 0.488542 0.359375 0.207639
2 15 0.752930 0.635069 0.169922 0.121528
2 16 0.542383 0.084375 0.344922 0.163194
2 18 0.324414 0.767014 0.362109 0.206250
2 19 0.354102 0.871181 0.353516 0.200694
2 23 0.513867 0.431944 0.142578 0.106944
2 24 0.269141 0.772222 0.231250 0.187500
2 25 0.561719 0.432292 0.136719 0.084028
2 26 0.137891 0.858681 0.115625 0.107639
2 28 0.501563 0.755556 0.192969 0.131944
2 29 0.727539 0.683333 0.146484 0.070833
2 30 0.975391 0.332292 0.048438 0.178472
2 31 0.940234 0.369792 0.116406 0.125694
2 33 0.461133 0.847222 0.058203 0.193056
2 34 0.619141 0.889236 0.036719 0.167361