2 4 0.290625 0.104861 0.172656 0.091667
2 6 0.022070 0.268403 0.043359 0.075694
2 7 0.216016 0.619097 0.157031 0.127083
2 8 0.039062 0.229861 0.076563 0.083333
2 9 0.643555 0.187153 0.333984 0.218750
2 10 0.429102 0.485417 0.362891 0.222222
2 15 0.720313 0.622917 0.169531 0.134722
2 16 0.558594 0.086111 0.351562 0.170833
2 18 0.340625 0.793056 0.398438 0.223611
2 19 0.380859 0.880903 0.350000 0.197917
2 23 0.466211 0.410764 0.130078 0.107639
2 24 0.234180 0.729861 0.242578 0.193056
2 25 0.510742 0.416319 0.140234 0.090972
2 26 0.110742 0.876042 0.101172 0.152083
2 28 0.475977 0.737847 0.165234 0.129861
2 29 0.683008 0.686806 0.147266 0.106944
2 30 0.908398 0.312153 0.061328 0.214583
2 31 0.859375 0.354514 0.125000 0.154861
2 34 0.565039 0.840625 0.037109 0.156250