2 4 0.298047 0.104514 0.175000 0.088194
2 6 0.025195 0.262847 0.048828 0.077083
2 7 0.223438 0.619792 0.156250 0.129861
2 8 0.042578 0.221181 0.085156 0.093750
2 9 0.643945 0.191319 0.335547 0.209028
2 10 0.424023 0.485764 0.366016 0.217361
2 15 0.726367 0.627083 0.171484 0.137500
2 16 0.557617 0.085069 0.349609 0.170139
2 18 0.339648 0.790972 0.394141 0.218056
2 19 0.382617 0.877778 0.339453 0.205556
2 23 0.476758 0.412500 0.126172 0.104167
2 24 0.236719 0.735069 0.239844 0.178472
2 25 0.514258 0.415278 0.144141 0.087500
2 26 0.111914 0.878819 0.107422 0.138194
2 28 0.484570 0.738194 0.161328 0.125000
2 29 0.691797 0.681597 0.143750 0.090972
2 30 0.923047 0.315625 0.064062 0.206250
2 31 0.871680 0.354167 0.125391 0.156944
2 34 0.575977 0.848958 0.034766 0.154861