2 4 0.411719 0.136458 0.165625 0.131250
2 6 0.158008 0.174306 0.101953 0.077778
2 7 0.369922 0.611458 0.150781 0.061806
2 8 0.203711 0.162500 0.108203 0.100000
2 9 0.538672 0.241667 0.315625 0.259722
2 10 0.375781 0.537500 0.253125 0.136111
2 14 0.912305 0.823958 0.062109 0.045139
2 15 0.849219 0.626389 0.142187 0.118056
2 16 0.449805 0.170833 0.330078 0.144444
2 18 0.277734 0.666667 0.285156 0.191667
2 19 0.341992 0.743403 0.262109 0.179861
2 23 0.625781 0.514931 0.113281 0.153472
2 24 0.322461 0.790972 0.226953 0.147222
2 25 0.689063 0.496528 0.126562 0.144444
2 28 0.597266 0.744097 0.187500 0.109028
2 29 0.845703 0.682986 0.117188 0.082639
2 33 0.585938 0.934028 0.067187 0.130556
2 34 0.760156 0.965278 0.028906 0.068056