2 4 0.119141 0.111806 0.061719 0.066667
2 7 0.132617 0.632639 0.155078 0.144444
2 9 0.872461 0.118056 0.254297 0.166667
2 10 0.849609 0.537153 0.300781 0.292361
2 15 0.688477 0.519097 0.125391 0.147917
2 16 0.791797 0.223958 0.290625 0.231250
2 18 0.696680 0.799306 0.354297 0.393056
2 19 0.677734 0.888542 0.295312 0.222917
2 20 0.495703 0.822569 0.238281 0.281250
2 21 0.540039 0.834028 0.230859 0.325000
2 22 0.753320 0.244792 0.061328 0.111806
2 23 0.387109 0.291319 0.167187 0.109028
2 24 0.294141 0.571181 0.314063 0.171528
2 25 0.430078 0.330903 0.138281 0.210417
2 26 0.046875 0.764931 0.082812 0.300694
2 28 0.425391 0.657986 0.194531 0.184028
2 29 0.599414 0.604514 0.158984 0.125694
2 30 0.602930 0.482639 0.115234 0.169444
2 31 0.539453 0.487847 0.121875 0.175694
2 32 0.269727 0.685417 0.040234 0.119444