2 4 0.356055 0.101042 0.195703 0.056250
2 6 0.083203 0.199653 0.098437 0.114583
2 7 0.289648 0.617014 0.155859 0.118750
2 8 0.126367 0.189931 0.084766 0.088194
2 9 0.591992 0.194097 0.341797 0.207639
2 10 0.377930 0.496181 0.323047 0.225694
2 14 0.829492 0.788194 0.034766 0.100000
2 15 0.779687 0.623611 0.169531 0.087500
2 16 0.512109 0.116667 0.333594 0.218056
2 18 0.298633 0.731944 0.338672 0.201389
2 19 0.341406 0.818056 0.310937 0.180556
2 23 0.556836 0.471181 0.141797 0.131250
2 25 0.604883 0.451389 0.132422 0.090278
2 26 0.175781 0.863542 0.115625 0.107639
2 28 0.528125 0.752083 0.192969 0.091667
2 29 0.764258 0.688889 0.145703 0.073611
2 31 0.975781 0.392014 0.047656 0.093750
2 33 0.491797 0.876389 0.077344 0.170833
2 34 0.663672 0.918403 0.042188 0.161806