2 4 0.262891 0.107639 0.155469 0.090278
2 7 0.191602 0.618056 0.162891 0.125000
2 8 0.023438 0.241667 0.046875 0.073611
2 9 0.647070 0.188194 0.337109 0.208333
2 10 0.442383 0.480208 0.374609 0.232639
2 15 0.698242 0.612500 0.174609 0.137500
2 16 0.566211 0.084722 0.351953 0.173611
2 18 0.349023 0.808333 0.419922 0.223611
2 19 0.374414 0.906597 0.393359 0.157639
2 23 0.443945 0.397569 0.116016 0.109028
2 24 0.219922 0.728472 0.233594 0.226389
2 25 0.489063 0.407292 0.128125 0.103472
2 26 0.096680 0.891667 0.099609 0.163889
2 28 0.456055 0.736111 0.168359 0.141667
2 29 0.660937 0.672917 0.153125 0.120833
2 30 0.857031 0.315972 0.070312 0.206944
2 31 0.821680 0.367361 0.129297 0.130556