2 4 0.240430 0.107986 0.134766 0.079861
2 7 0.170703 0.614583 0.162500 0.108333
2 9 0.660156 0.200694 0.348438 0.215278
2 10 0.470703 0.477431 0.387500 0.242361
2 15 0.686328 0.606597 0.169531 0.146528
2 16 0.584766 0.088542 0.353906 0.177083
2 18 0.369141 0.821875 0.442969 0.218750
2 19 0.401172 0.902083 0.399219 0.158333
2 23 0.424414 0.394444 0.126172 0.123611
2 24 0.221875 0.733333 0.210938 0.300000
2 25 0.470898 0.407986 0.127734 0.096528
2 26 0.078516 0.890972 0.102344 0.168056
2 28 0.439063 0.730208 0.169531 0.145139
2 29 0.642383 0.665625 0.155859 0.121528
2 30 0.817773 0.334028 0.085547 0.188889
2 31 0.783203 0.391667 0.135156 0.108333