2 4 0.329297 0.106250 0.179688 0.088889
2 6 0.054297 0.222917 0.095312 0.112500
2 7 0.261914 0.623611 0.155859 0.133333
2 8 0.089648 0.210417 0.089453 0.088889
2 9 0.625391 0.201389 0.338281 0.220833
2 10 0.398828 0.485417 0.357812 0.204167
2 15 0.759375 0.635069 0.173437 0.118750
2 16 0.537500 0.083681 0.344531 0.167361
2 18 0.320898 0.760069 0.362891 0.200694
2 19 0.353906 0.858681 0.339844 0.197917
2 23 0.522852 0.433681 0.131641 0.099306
2 24 0.272461 0.777778 0.230859 0.194444
2 25 0.560156 0.439583 0.143750 0.097222
2 26 0.141992 0.854167 0.116797 0.095833
2 28 0.506250 0.756944 0.186719 0.134722
2 29 0.731250 0.682292 0.150781 0.067361
2 30 0.979883 0.335764 0.039453 0.159028
2 31 0.945312 0.375000 0.108594 0.119444
2 33 0.460547 0.863542 0.063281 0.171528
2 34 0.623437 0.896181 0.035937 0.164583