2 4 0.410742 0.135417 0.179297 0.133333
2 6 0.141211 0.177778 0.105078 0.076389
2 7 0.355273 0.613542 0.159766 0.065972
2 8 0.194141 0.167708 0.103906 0.092361
2 9 0.549219 0.231597 0.320312 0.256250
2 10 0.374219 0.533333 0.259375 0.140278
2 14 0.900977 0.824306 0.068359 0.048611
2 15 0.841992 0.623958 0.145703 0.125694
2 16 0.454102 0.175694 0.340234 0.161111
2 18 0.280273 0.668056 0.292578 0.176389
2 19 0.334375 0.769444 0.286719 0.145833
2 23 0.621680 0.514236 0.118359 0.152083
2 24 0.319727 0.797569 0.226953 0.154861
2 25 0.679102 0.493750 0.119141 0.150000
2 28 0.589258 0.748611 0.190234 0.108333
2 29 0.833789 0.683333 0.126953 0.080556
2 33 0.578320 0.928472 0.069922 0.141667
2 34 0.749219 0.957986 0.032813 0.082639