2 4 0.219336 0.100694 0.116797 0.061111
2 7 0.151758 0.617361 0.165234 0.105556
2 9 0.678711 0.213542 0.344141 0.190972
2 10 0.495508 0.492708 0.429297 0.265972
2 15 0.676758 0.597917 0.161328 0.148611
2 16 0.603320 0.095486 0.355859 0.178472
2 18 0.399023 0.834722 0.451172 0.241667
2 19 0.437109 0.912847 0.394531 0.172917
2 21 0.421094 0.978819 0.143750 0.040972
2 23 0.404492 0.389931 0.130078 0.138194
2 24 0.230859 0.734722 0.196875 0.315278
2 25 0.448437 0.388194 0.140625 0.079167
2 26 0.061914 0.889236 0.114453 0.190972
2 28 0.422070 0.729167 0.176953 0.163889
2 29 0.623437 0.658333 0.160938 0.102778
2 30 0.787500 0.359722 0.095312 0.155556
2 31 0.734766 0.401389 0.132812 0.127778