2 4 0.176953 0.113194 0.028125 0.087500
2 7 0.134180 0.630903 0.140234 0.138194
2 9 0.797852 0.181944 0.291797 0.270833
2 10 0.693164 0.499306 0.443359 0.281944
2 15 0.637500 0.554861 0.102344 0.054167
2 16 0.702734 0.168750 0.301563 0.236111
2 18 0.564453 0.831250 0.414844 0.330556
2 19 0.565430 0.885417 0.357422 0.229167
2 20 0.389844 0.902778 0.178906 0.193056
2 23 0.369336 0.338542 0.108984 0.138194
2 24 0.255078 0.659722 0.252344 0.276389
2 25 0.417969 0.348611 0.142969 0.127778
2 26 0.049219 0.812500 0.098437 0.230556
2 28 0.404883 0.701389 0.198047 0.200000
2 29 0.600391 0.627431 0.167187 0.121528
2 30 0.680859 0.432986 0.106250 0.146528
2 31 0.614258 0.437500 0.128516 0.134722
2 32 0.290820 0.701736 0.051953 0.099306