2 4 0.173047 0.109722 0.031250 0.079167
2 7 0.132422 0.629861 0.138281 0.140278
2 9 0.808203 0.170833 0.285938 0.279167
2 10 0.706836 0.500694 0.433203 0.286111
2 15 0.641992 0.556250 0.105078 0.052778
2 16 0.709961 0.169444 0.297266 0.238889
2 18 0.573438 0.828819 0.409375 0.340972
2 19 0.575195 0.886458 0.343359 0.227083
2 20 0.401758 0.898264 0.191016 0.202083
2 23 0.369336 0.336111 0.102734 0.137500
2 24 0.252539 0.652083 0.258984 0.275000
2 25 0.420117 0.345833 0.138672 0.134722
2 26 0.049023 0.807986 0.098047 0.232639
2 28 0.404492 0.695139 0.202734 0.198611
2 29 0.598047 0.627431 0.167187 0.113194
2 30 0.678320 0.428472 0.097266 0.134722
2 31 0.604883 0.439583 0.126953 0.138889
2 32 0.287891 0.697569 0.052344 0.102083