2 4 0.367383 0.112500 0.192578 0.068056
2 6 0.104883 0.204167 0.093359 0.108333
2 7 0.302344 0.611806 0.160938 0.112500
2 8 0.142187 0.193403 0.083594 0.077083
2 9 0.581641 0.197569 0.335156 0.214583
2 10 0.376172 0.529514 0.306250 0.243750
2 14 0.843750 0.790972 0.043750 0.115278
2 15 0.795312 0.630903 0.161719 0.089583
2 16 0.497461 0.144097 0.337109 0.234028
2 18 0.292773 0.723611 0.330859 0.201389
2 19 0.337109 0.815278 0.297656 0.172222
2 23 0.569727 0.482986 0.131641 0.138194
2 25 0.619336 0.469792 0.131641 0.109028
2 26 0.193945 0.863542 0.105078 0.099306
2 28 0.544922 0.756250 0.186719 0.088889
2 29 0.782422 0.689931 0.139844 0.075694
2 33 0.507617 0.884722 0.083203 0.158333
2 34 0.683203 0.929861 0.040625 0.138889