2 4 0.144727 0.112153 0.037891 0.050694
2 7 0.128516 0.623611 0.133594 0.141667
2 9 0.827539 0.164583 0.270703 0.219444
2 10 0.760352 0.507639 0.419922 0.290278
2 15 0.661523 0.550347 0.117578 0.081250
2 16 0.722070 0.185417 0.284766 0.238889
2 18 0.607227 0.819444 0.394922 0.359722
2 19 0.604297 0.888542 0.331250 0.221528
2 20 0.431445 0.879167 0.239453 0.241667
2 21 0.509180 0.887153 0.237109 0.213194
2 23 0.365234 0.328125 0.107031 0.146528
2 24 0.255859 0.620139 0.284375 0.233333
2 25 0.415820 0.332986 0.147266 0.168750
2 26 0.045117 0.796875 0.090234 0.257639
2 28 0.407227 0.684028 0.187891 0.201389
2 29 0.594727 0.625347 0.172266 0.120139
2 30 0.648438 0.446181 0.096094 0.157639
2 31 0.580469 0.453819 0.122656 0.139583
2 32 0.277148 0.693750 0.041016 0.109722