2 4 0.391797 0.118056 0.204687 0.108333
2 6 0.108203 0.199653 0.112500 0.102083
2 7 0.331836 0.615625 0.140234 0.085417
2 8 0.156641 0.188194 0.102344 0.080556
2 9 0.566797 0.201042 0.333594 0.215972
2 10 0.370508 0.553125 0.296484 0.193750
2 14 0.868359 0.801042 0.046875 0.092361
2 15 0.819727 0.633681 0.147266 0.104861
2 16 0.483789 0.166319 0.341797 0.222917
2 18 0.289648 0.707292 0.315234 0.190972
2 19 0.336523 0.797917 0.292578 0.159722
2 23 0.585742 0.496528 0.114453 0.137500
2 24 0.308008 0.821528 0.216797 0.194444
2 25 0.639062 0.476042 0.128906 0.125694
2 26 0.219141 0.867708 0.100781 0.107639
2 28 0.563281 0.761111 0.181250 0.087500
2 29 0.808984 0.689583 0.133594 0.076389
2 33 0.531641 0.904514 0.085156 0.157639
2 34 0.709766 0.940625 0.033594 0.117361