2 4 0.235937 0.109722 0.131250 0.081944
2 7 0.167578 0.616319 0.163281 0.106250
2 9 0.663867 0.208333 0.349609 0.209722
2 10 0.475586 0.479861 0.391797 0.252778
2 15 0.683594 0.605208 0.169531 0.149306
2 16 0.587305 0.089583 0.355859 0.179167
2 18 0.374805 0.823264 0.446484 0.217361
2 19 0.407031 0.900694 0.402344 0.161111
2 23 0.422070 0.393403 0.128516 0.124306
2 24 0.222266 0.734375 0.210156 0.304861
2 25 0.468359 0.409028 0.130469 0.102778
2 26 0.077344 0.894097 0.103125 0.182639
2 28 0.438867 0.727778 0.164453 0.148611
2 29 0.638672 0.661458 0.159375 0.127083
2 30 0.810937 0.339931 0.089844 0.179861
2 31 0.772266 0.396875 0.135156 0.107639