2 4 0.227148 0.111458 0.124609 0.085417
2 7 0.160938 0.617361 0.164062 0.104167
2 9 0.673633 0.214583 0.348047 0.197222
2 10 0.485156 0.485417 0.407031 0.259722
2 15 0.681250 0.601389 0.165625 0.151389
2 16 0.594922 0.092014 0.357031 0.181250
2 18 0.386914 0.821181 0.453516 0.214583
2 19 0.423633 0.909028 0.397266 0.176389
2 21 0.416992 0.981250 0.133984 0.036111
2 23 0.413086 0.393056 0.123828 0.134722
2 24 0.225586 0.735069 0.205078 0.311806
2 25 0.459180 0.393750 0.131641 0.086111
2 26 0.069531 0.887847 0.109375 0.178472
2 28 0.437695 0.718750 0.155859 0.137500
2 29 0.631445 0.663889 0.162109 0.115278
2 30 0.799023 0.348264 0.087891 0.164583
2 31 0.753125 0.403819 0.131250 0.121528