2 4 0.409570 0.126736 0.212891 0.121528
2 6 0.126953 0.190625 0.103906 0.100694
2 7 0.338867 0.620486 0.158984 0.074306
2 8 0.173242 0.178472 0.104297 0.088889
2 9 0.562695 0.208681 0.328516 0.222917
2 10 0.372266 0.544097 0.281250 0.175694
2 14 0.885352 0.814236 0.062109 0.064583
2 15 0.836133 0.629514 0.139453 0.107639
2 16 0.469531 0.174653 0.346875 0.202083
2 18 0.281641 0.687500 0.308594 0.186111
2 19 0.336719 0.791667 0.292969 0.144444
2 23 0.599609 0.507986 0.113281 0.143750
2 24 0.314063 0.815625 0.222656 0.179861
2 25 0.655469 0.483681 0.138281 0.129861
2 26 0.226758 0.870139 0.087109 0.112500
2 28 0.574219 0.758681 0.188281 0.102083
2 29 0.819922 0.685764 0.135156 0.075694
2 33 0.549414 0.916319 0.083984 0.149306
2 34 0.730664 0.946875 0.033984 0.104861