2 4 0.348828 0.106250 0.195312 0.080556
2 6 0.073828 0.205208 0.092188 0.113194
2 7 0.277148 0.620833 0.155859 0.129167
2 8 0.110742 0.193750 0.092578 0.086111
2 9 0.602734 0.195486 0.341406 0.211806
2 10 0.385352 0.478125 0.335547 0.200694
2 14 0.814648 0.788889 0.037109 0.108333
2 15 0.770508 0.628472 0.172266 0.101389
2 16 0.519531 0.094097 0.338281 0.186806
2 18 0.304297 0.738889 0.347656 0.201389
2 19 0.342773 0.827431 0.327734 0.203472
2 23 0.542188 0.459375 0.132031 0.129861
2 25 0.591211 0.448264 0.137109 0.100694
2 26 0.166016 0.844792 0.122656 0.079861
2 28 0.515430 0.752083 0.198047 0.123611
2 29 0.754297 0.686458 0.144531 0.068750
2 31 0.962305 0.375000 0.074609 0.127778
2 33 0.483789 0.871528 0.063672 0.175000
2 34 0.647852 0.908333 0.041016 0.170833