2 4 0.123828 0.108681 0.053906 0.060417
2 7 0.129102 0.629861 0.148047 0.159722
2 9 0.863867 0.118750 0.272266 0.148611
2 10 0.827930 0.529861 0.337109 0.291667
2 15 0.672852 0.537847 0.118359 0.157639
2 16 0.765039 0.216319 0.283984 0.231250
2 18 0.669922 0.808333 0.370312 0.381944
2 19 0.656445 0.889236 0.309766 0.220139
2 20 0.474805 0.845139 0.243359 0.279167
2 21 0.529102 0.854514 0.226172 0.289583
2 22 0.760742 0.247917 0.055859 0.095833
2 23 0.379492 0.300347 0.160547 0.118750
2 24 0.279687 0.578819 0.310937 0.175694
2 25 0.424609 0.331944 0.141406 0.200000
2 26 0.045117 0.771528 0.087109 0.290278
2 28 0.417969 0.663194 0.197656 0.195833
2 29 0.595508 0.605208 0.166016 0.121528
2 30 0.613672 0.471875 0.113281 0.160417
2 31 0.549609 0.478819 0.124219 0.165972
2 32 0.263867 0.690625 0.046484 0.113194