2 4 0.117188 0.113194 0.064062 0.069444
2 7 0.133203 0.630208 0.157812 0.140972
2 9 0.874023 0.117361 0.251172 0.170833
2 10 0.853711 0.536111 0.291797 0.295833
2 15 0.687305 0.519792 0.126172 0.152083
2 16 0.790820 0.224653 0.287891 0.229861
2 18 0.704102 0.796875 0.349609 0.389583
2 19 0.681836 0.884722 0.291016 0.229167
2 20 0.494727 0.817014 0.237891 0.278472
2 21 0.538477 0.836111 0.231641 0.326389
2 22 0.751172 0.244097 0.055469 0.113194
2 23 0.387695 0.290278 0.166016 0.105556
2 24 0.293359 0.572569 0.314063 0.171528
2 25 0.430469 0.330903 0.139063 0.215972
2 26 0.047656 0.764236 0.084375 0.302083
2 28 0.427148 0.655208 0.193359 0.181250
2 29 0.599023 0.603125 0.158984 0.129861
2 30 0.601367 0.482639 0.116016 0.173611
2 31 0.537500 0.490625 0.121094 0.179861
2 32 0.271680 0.688194 0.037891 0.118056