2 4 0.379492 0.112153 0.194922 0.097917
2 6 0.106250 0.203125 0.104688 0.102083
2 7 0.324023 0.610417 0.141797 0.091667
2 8 0.152344 0.188194 0.091406 0.077778
2 9 0.572070 0.198264 0.331641 0.210417
2 10 0.370898 0.554514 0.301953 0.200694
2 14 0.866602 0.796528 0.053516 0.094444
2 15 0.812695 0.635417 0.153516 0.102778
2 16 0.488867 0.162847 0.338672 0.227083
2 18 0.290625 0.714583 0.317969 0.194444
2 19 0.335547 0.803125 0.292187 0.160417
2 23 0.580273 0.496528 0.116016 0.137500
2 24 0.294727 0.827778 0.195703 0.179167
2 25 0.634570 0.482986 0.126172 0.124306
2 26 0.214648 0.868750 0.101172 0.111111
2 28 0.560547 0.761806 0.182812 0.087500
2 29 0.800586 0.688194 0.137109 0.075000
2 33 0.525977 0.900694 0.083203 0.155556
2 34 0.702930 0.937847 0.037109 0.122917