2 4 0.197461 0.117361 0.059766 0.054167
2 7 0.132227 0.623958 0.128516 0.122917
2 9 0.743945 0.192014 0.319922 0.185417
2 10 0.608203 0.494097 0.455469 0.242361
2 15 0.654102 0.603819 0.125391 0.070139
2 16 0.665430 0.141319 0.314453 0.225694
2 18 0.498828 0.846181 0.461719 0.306250
2 19 0.532617 0.896181 0.365234 0.206250
2 22 0.873242 0.210764 0.070703 0.067361
2 23 0.380664 0.354861 0.112109 0.138889
2 24 0.252930 0.698264 0.212891 0.278472
2 25 0.436523 0.365972 0.147266 0.080556
2 26 0.054883 0.837500 0.109766 0.194444
2 28 0.411523 0.718056 0.191016 0.191667
2 29 0.610352 0.640625 0.168359 0.107639
2 30 0.726172 0.420139 0.104688 0.144444
2 31 0.662695 0.411806 0.119922 0.119444
2 32 0.313867 0.736111 0.041797 0.120833