2 4 0.247852 0.107639 0.140234 0.080556
2 7 0.177344 0.616319 0.161719 0.115972
2 9 0.655273 0.189931 0.344922 0.217361
2 10 0.463672 0.473958 0.380469 0.231250
2 15 0.689258 0.607639 0.168359 0.143056
2 16 0.579297 0.086806 0.352344 0.173611
2 18 0.362695 0.820486 0.436328 0.228472
2 19 0.393750 0.909028 0.405469 0.143056
2 23 0.427344 0.394444 0.129688 0.116667
2 24 0.221289 0.733681 0.213672 0.282639
2 25 0.476953 0.417014 0.125000 0.113194
2 26 0.082227 0.892014 0.101172 0.165972
2 28 0.439648 0.731944 0.176953 0.141667
2 29 0.649219 0.665625 0.151562 0.117361
2 30 0.828125 0.324653 0.079687 0.196528
2 31 0.790234 0.392014 0.135156 0.111806