2 4 0.139453 0.108681 0.040625 0.046528
2 7 0.125195 0.635417 0.132422 0.161111
2 9 0.829883 0.163194 0.274609 0.205556
2 10 0.770898 0.513194 0.416797 0.294444
2 15 0.655859 0.555208 0.113281 0.089583
2 16 0.726367 0.193056 0.280078 0.237500
2 18 0.616602 0.816319 0.391016 0.367361
2 19 0.614453 0.885069 0.321094 0.228472
2 20 0.436523 0.876389 0.237109 0.245833
2 21 0.503906 0.880903 0.228906 0.222917
2 23 0.365039 0.326736 0.119141 0.152083
2 24 0.256836 0.612153 0.292578 0.228472
2 25 0.413672 0.332639 0.153125 0.176389
2 26 0.043750 0.790278 0.087500 0.263889
2 28 0.409180 0.677778 0.187109 0.195833
2 29 0.593555 0.622222 0.172266 0.118056
2 30 0.636914 0.447569 0.101172 0.150694
2 31 0.574805 0.459028 0.123047 0.147222
2 32 0.273828 0.697917 0.040625 0.115278