2 4 0.414258 0.138889 0.171484 0.123611
2 6 0.164648 0.168750 0.095703 0.073611
2 7 0.365625 0.603125 0.160156 0.070139
2 8 0.203906 0.160764 0.099219 0.088194
2 9 0.529687 0.240972 0.317969 0.250000
2 10 0.376563 0.543056 0.250000 0.129167
2 14 0.917578 0.823611 0.064844 0.043056
2 15 0.854297 0.620486 0.138281 0.114583
2 16 0.446289 0.168403 0.320703 0.140972
2 18 0.277734 0.664583 0.281250 0.191667
2 19 0.338477 0.726042 0.263672 0.193750
2 23 0.633398 0.519097 0.119141 0.153472
2 24 0.324023 0.782292 0.229297 0.138194
2 25 0.693164 0.499653 0.109766 0.139583
2 28 0.602539 0.742361 0.186328 0.111111
2 29 0.859766 0.684028 0.112500 0.083333
2 33 0.592773 0.934722 0.069141 0.129167
2 34 0.764258 0.968403 0.034766 0.061806