2 4 0.409766 0.134722 0.185938 0.134722
2 6 0.142187 0.183333 0.100000 0.088889
2 7 0.351953 0.614583 0.157812 0.068056
2 8 0.186719 0.170833 0.103906 0.091667
2 9 0.552148 0.222917 0.324609 0.248611
2 10 0.373047 0.535069 0.261719 0.143750
2 14 0.892969 0.822917 0.075000 0.052778
2 15 0.837891 0.623958 0.146094 0.128472
2 16 0.455078 0.179861 0.344531 0.172222
2 18 0.279687 0.671875 0.299219 0.175694
2 19 0.334570 0.780903 0.290234 0.134028
2 23 0.608398 0.515278 0.105078 0.154167
2 24 0.315820 0.806250 0.226953 0.165278
2 25 0.671289 0.490278 0.130859 0.138889
2 28 0.584766 0.749653 0.191406 0.109028
2 29 0.830859 0.683681 0.128125 0.078472
2 33 0.572266 0.925347 0.071094 0.143750
2 34 0.749219 0.956597 0.036719 0.085417