2 7 0.136719 0.627431 0.133594 0.136806
2 9 0.767969 0.195486 0.308594 0.231250
2 10 0.647266 0.494444 0.453906 0.251389
2 15 0.646484 0.582292 0.103125 0.047917
2 16 0.684961 0.155903 0.307422 0.231250
2 18 0.531836 0.841319 0.434766 0.315972
2 19 0.542188 0.886458 0.378906 0.227083
2 20 0.355664 0.921181 0.128516 0.156250
2 22 0.857617 0.211458 0.069922 0.070139
2 23 0.374805 0.344444 0.115234 0.145833
2 24 0.255078 0.681944 0.228125 0.281944
2 25 0.435352 0.354861 0.144141 0.101389
2 26 0.053125 0.829861 0.106250 0.213889
2 28 0.410547 0.711111 0.193750 0.193056
2 29 0.606055 0.635417 0.166016 0.113889
2 30 0.710547 0.421528 0.096094 0.133333
2 31 0.642773 0.423264 0.126953 0.152083
2 32 0.307227 0.718750 0.051172 0.109722