2 4 0.337891 0.106944 0.187500 0.087500
2 6 0.061523 0.217014 0.094141 0.107639
2 7 0.272070 0.624306 0.152734 0.134722
2 8 0.101172 0.205903 0.090625 0.085417
2 9 0.614258 0.198611 0.344141 0.215278
2 10 0.389648 0.482986 0.355078 0.207639
2 15 0.760742 0.631250 0.180859 0.111111
2 16 0.530859 0.087847 0.339062 0.174306
2 18 0.313086 0.750694 0.355859 0.204167
2 19 0.349805 0.843403 0.329297 0.195139
2 23 0.533984 0.450347 0.137500 0.113194
2 24 0.278320 0.782639 0.226953 0.204167
2 25 0.574414 0.442014 0.136328 0.090972
2 26 0.159180 0.848264 0.130859 0.096528
2 28 0.512305 0.762847 0.191016 0.131250
2 29 0.742578 0.680556 0.146875 0.063889
2 30 0.987500 0.330903 0.024219 0.127083
2 31 0.953516 0.373958 0.092188 0.125694
2 33 0.473633 0.862847 0.065234 0.181250
2 34 0.637109 0.903125 0.039062 0.172917