2 4 0.129102 0.107292 0.046484 0.056250
2 7 0.127539 0.642361 0.140234 0.168056
2 9 0.861133 0.131250 0.276953 0.162500
2 10 0.808398 0.525694 0.382422 0.298611
2 15 0.666602 0.548611 0.120703 0.136111
2 16 0.747266 0.210069 0.282031 0.220139
2 18 0.646484 0.809722 0.380469 0.379167
2 19 0.638672 0.886458 0.324219 0.227083
2 20 0.459570 0.854167 0.240234 0.268056
2 21 0.522461 0.863889 0.208984 0.270833
2 22 0.775977 0.227431 0.067578 0.120139
2 23 0.369727 0.308333 0.145703 0.131944
2 24 0.269531 0.585417 0.306250 0.188889
2 25 0.417773 0.329167 0.154297 0.193056
2 26 0.042969 0.781250 0.085156 0.288889
2 28 0.414062 0.668056 0.191406 0.195833
2 29 0.592578 0.615625 0.171875 0.118750
2 30 0.617578 0.465278 0.111719 0.159722
2 31 0.554492 0.472569 0.126172 0.159028
2 32 0.267773 0.692708 0.051953 0.117361