2 4 0.307617 0.106597 0.180859 0.093750
2 6 0.031055 0.253819 0.060547 0.079861
2 7 0.229883 0.619792 0.157422 0.131250
2 8 0.051953 0.221181 0.086719 0.090972
2 9 0.643359 0.190278 0.337500 0.206944
2 10 0.418555 0.487153 0.368359 0.211806
2 15 0.733594 0.629514 0.175781 0.134028
2 16 0.556445 0.083333 0.348828 0.169444
2 18 0.337500 0.785417 0.385937 0.212500
2 19 0.378320 0.881250 0.341016 0.200000
2 23 0.485156 0.409028 0.128125 0.090278
2 24 0.244531 0.736458 0.240625 0.175694
2 25 0.524414 0.418056 0.146484 0.076389
2 26 0.115625 0.871181 0.108594 0.124306
2 28 0.489844 0.744444 0.164062 0.126389
2 29 0.702148 0.685069 0.137891 0.097917
2 30 0.935937 0.319792 0.066406 0.200694
2 31 0.886914 0.351042 0.128516 0.153472
2 34 0.584375 0.857639 0.032031 0.152778