2 4 0.359180 0.103472 0.194922 0.056944
2 6 0.090039 0.201042 0.096484 0.111806
2 7 0.293359 0.613194 0.156250 0.119444
2 8 0.133008 0.190278 0.085547 0.088889
2 9 0.588672 0.194444 0.339844 0.212500
2 10 0.377148 0.508681 0.317578 0.232639
2 14 0.834180 0.791319 0.038672 0.106250
2 15 0.785742 0.625000 0.168359 0.087500
2 16 0.506836 0.126042 0.334766 0.224306
2 18 0.295898 0.728125 0.336328 0.197917
2 19 0.341797 0.814583 0.303125 0.190278
2 23 0.559180 0.472222 0.137891 0.127778
2 25 0.611133 0.457986 0.138672 0.103472
2 26 0.181641 0.860069 0.107813 0.104861
2 28 0.533203 0.753125 0.188281 0.090972
2 29 0.771289 0.688542 0.144141 0.077083
2 31 0.978516 0.391667 0.042188 0.093056
2 33 0.494922 0.878819 0.085156 0.175694
2 34 0.672070 0.923958 0.037109 0.150694