2 4 0.333594 0.106597 0.183594 0.088194
2 6 0.058008 0.220486 0.094922 0.110417
2 7 0.266992 0.622917 0.154297 0.133333
2 8 0.097461 0.209375 0.086328 0.085417
2 9 0.618555 0.202083 0.344141 0.213889
2 10 0.394336 0.484375 0.356641 0.206250
2 15 0.762109 0.634722 0.173437 0.118056
2 16 0.534180 0.086111 0.341797 0.170833
2 18 0.317188 0.755556 0.359375 0.202778
2 19 0.354687 0.848611 0.328906 0.195833
2 23 0.526953 0.445139 0.132031 0.120833
2 24 0.274805 0.781250 0.230078 0.202778
2 25 0.568555 0.437153 0.135547 0.085417
2 26 0.148633 0.853819 0.122266 0.088194
2 28 0.509766 0.757986 0.188281 0.128472
2 29 0.736914 0.681597 0.148828 0.065972
2 30 0.983984 0.333333 0.032031 0.143056
2 31 0.950391 0.372569 0.098437 0.128472
2 33 0.468555 0.856250 0.062891 0.186111
2 34 0.628906 0.900000 0.039062 0.175000