2 4 0.413086 0.137153 0.168359 0.127083
2 6 0.161523 0.171875 0.098828 0.075694
2 7 0.367969 0.607292 0.155469 0.065972
2 8 0.206641 0.161806 0.098437 0.094444
2 9 0.531641 0.243750 0.315625 0.255556
2 10 0.376172 0.543056 0.249219 0.134722
2 14 0.915625 0.822222 0.062500 0.045833
2 15 0.851953 0.622569 0.139063 0.114583
2 16 0.446875 0.169792 0.324219 0.139583
2 18 0.277930 0.665972 0.283203 0.191667
2 19 0.340430 0.735069 0.262891 0.186806
2 23 0.636914 0.517014 0.123828 0.153472
2 24 0.322461 0.786458 0.223047 0.138194
2 25 0.691797 0.500694 0.116406 0.150000
2 28 0.601172 0.740972 0.185938 0.111111
2 29 0.854883 0.683681 0.108203 0.082639
2 33 0.589648 0.934375 0.068359 0.129861
2 34 0.763477 0.968403 0.034766 0.061806