2 4 0.201563 0.109375 0.095312 0.057639
2 7 0.146680 0.622222 0.165234 0.104167
2 9 0.698633 0.204514 0.333203 0.161806
2 10 0.537891 0.502778 0.457813 0.259722
2 15 0.672070 0.600694 0.159766 0.125000
2 16 0.618164 0.119792 0.332422 0.185417
2 18 0.440039 0.844097 0.459766 0.264583
2 19 0.482617 0.911111 0.380078 0.176389
2 21 0.431250 0.965278 0.174219 0.068056
2 22 0.909180 0.203125 0.097266 0.052083
2 23 0.390820 0.378472 0.132422 0.141667
2 24 0.241406 0.725347 0.196875 0.299306
2 25 0.442383 0.377431 0.137891 0.092361
2 26 0.054688 0.862847 0.109375 0.174306
2 28 0.413672 0.730903 0.182031 0.182639
2 29 0.612891 0.656250 0.166406 0.116667
2 30 0.759180 0.392014 0.110547 0.128472
2 31 0.691797 0.399653 0.132812 0.139583
2 32 0.327344 0.760417 0.057031 0.154167