2 4 0.201953 0.111458 0.086719 0.053472
2 7 0.146289 0.622917 0.164453 0.108333
2 9 0.708984 0.197569 0.324219 0.160417
2 10 0.547656 0.503472 0.460938 0.255556
2 15 0.672656 0.602083 0.160156 0.112500
2 16 0.627344 0.122222 0.328906 0.181944
2 18 0.449805 0.845833 0.458203 0.275000
2 19 0.494531 0.907292 0.370312 0.184028
2 21 0.425586 0.963889 0.194922 0.065278
2 22 0.897852 0.204861 0.080078 0.061111
2 23 0.389258 0.377431 0.133203 0.139583
2 24 0.244336 0.723264 0.198047 0.290972
2 25 0.444141 0.381250 0.138281 0.083333
2 26 0.055273 0.860069 0.110547 0.175694
2 28 0.413477 0.729514 0.180859 0.179861
2 29 0.611914 0.655556 0.165234 0.116667
2 30 0.752734 0.398264 0.112500 0.127083
2 31 0.684766 0.400694 0.130469 0.136111
2 32 0.320508 0.760764 0.051172 0.140972