2 4 0.213867 0.102083 0.108984 0.063889
2 7 0.148828 0.618403 0.167187 0.104861
2 9 0.683008 0.215278 0.342578 0.180556
2 10 0.501758 0.494097 0.437891 0.263194
2 15 0.675586 0.595833 0.160547 0.145833
2 16 0.607031 0.098264 0.354687 0.172917
2 18 0.403711 0.829861 0.460547 0.231944
2 19 0.449805 0.912500 0.383984 0.175000
2 21 0.421289 0.973958 0.151953 0.050694
2 23 0.402734 0.389236 0.130469 0.140972
2 24 0.233008 0.735764 0.197266 0.314583
2 25 0.447266 0.384028 0.135156 0.070833
2 26 0.059375 0.882639 0.113281 0.183333
2 28 0.415820 0.736111 0.183203 0.180556
2 29 0.619727 0.659028 0.162109 0.109722
2 30 0.781445 0.364236 0.101172 0.150694
2 31 0.726367 0.398958 0.133203 0.131250
2 32 0.336328 0.768750 0.057031 0.138889