2 4 0.253516 0.107986 0.144531 0.085417
2 7 0.182227 0.616667 0.165234 0.120833
2 9 0.651758 0.188542 0.341016 0.206250
2 10 0.454102 0.472917 0.379297 0.225000
2 15 0.691797 0.609375 0.170313 0.140972
2 16 0.572852 0.085069 0.352734 0.171528
2 18 0.357422 0.816319 0.428906 0.231250
2 19 0.383789 0.907292 0.398047 0.156250
2 23 0.436719 0.395833 0.128125 0.116667
2 24 0.220898 0.732292 0.226172 0.259028
2 25 0.478320 0.403819 0.135547 0.096528
2 26 0.088867 0.894792 0.098828 0.171528
2 28 0.446484 0.735069 0.172656 0.145139
2 29 0.655078 0.666667 0.152344 0.118056
2 30 0.841211 0.318403 0.075391 0.202083
2 31 0.805859 0.382639 0.134375 0.112500