2 4 0.351172 0.104861 0.195312 0.072222
2 6 0.074414 0.200347 0.094922 0.120139
2 7 0.281836 0.620833 0.155859 0.123611
2 8 0.112891 0.192361 0.092188 0.087500
2 9 0.599609 0.194097 0.342969 0.211806
2 10 0.383594 0.476736 0.329688 0.200694
2 14 0.818555 0.785764 0.036328 0.104861
2 15 0.772461 0.626736 0.169922 0.092361
2 16 0.516016 0.099653 0.339062 0.197917
2 18 0.302344 0.735069 0.346094 0.200694
2 19 0.341211 0.827431 0.324609 0.192361
2 23 0.540820 0.463889 0.131641 0.130556
2 25 0.598047 0.449306 0.133594 0.098611
2 26 0.161914 0.846181 0.120703 0.078472
2 28 0.519141 0.749653 0.198437 0.115972
2 29 0.756445 0.686458 0.142578 0.068750
2 31 0.966797 0.375000 0.065625 0.129167
2 33 0.486328 0.871528 0.071875 0.175000
2 34 0.649805 0.912500 0.044141 0.162500