2 4 0.197656 0.117014 0.064844 0.052083
2 7 0.131836 0.623264 0.127734 0.114583
2 9 0.736133 0.192361 0.323047 0.173611
2 10 0.595703 0.497222 0.461719 0.240278
2 15 0.647461 0.606944 0.111328 0.075000
2 16 0.657422 0.136806 0.314844 0.218056
2 18 0.489648 0.847917 0.462891 0.298611
2 19 0.526758 0.897222 0.363672 0.204167
2 22 0.873633 0.212500 0.068359 0.070833
2 23 0.380469 0.363194 0.110937 0.133333
2 24 0.251172 0.708333 0.213281 0.283333
2 25 0.441406 0.367361 0.142187 0.077778
2 26 0.055078 0.842014 0.110156 0.192361
2 28 0.411133 0.720139 0.190234 0.188889
2 29 0.611133 0.643403 0.168359 0.107639
2 30 0.731641 0.414931 0.105469 0.138194
2 31 0.669336 0.409028 0.118359 0.125000
2 32 0.318555 0.742014 0.051172 0.129861