2 4 0.153516 0.111111 0.046875 0.050000
2 7 0.129102 0.624306 0.133984 0.145833
2 9 0.825391 0.165278 0.267969 0.236111
2 10 0.748828 0.506250 0.421875 0.291667
2 15 0.661719 0.545139 0.120313 0.087500
2 16 0.720313 0.182292 0.286719 0.240972
2 18 0.604492 0.820833 0.394922 0.356944
2 19 0.597852 0.889931 0.336328 0.218750
2 20 0.429492 0.885417 0.237891 0.227778
2 21 0.513867 0.881944 0.255859 0.225000
2 23 0.366016 0.330903 0.106250 0.149306
2 24 0.255469 0.623611 0.278125 0.243056
2 25 0.415820 0.333333 0.147266 0.163889
2 26 0.045508 0.801042 0.091016 0.257639
2 28 0.406836 0.685417 0.187891 0.202778
2 29 0.594727 0.627083 0.171484 0.120833
2 30 0.652930 0.443403 0.097266 0.156250
2 31 0.586914 0.448958 0.123047 0.138194
2 32 0.282617 0.691667 0.033984 0.105556