2 4 0.409180 0.133681 0.192578 0.135417
2 6 0.135937 0.188542 0.108594 0.100694
2 7 0.348242 0.615625 0.155859 0.070139
2 8 0.182617 0.171875 0.108203 0.090972
2 9 0.554297 0.220139 0.325781 0.245833
2 10 0.374023 0.536111 0.266016 0.150000
2 14 0.892578 0.819792 0.073438 0.061806
2 15 0.838477 0.625694 0.144141 0.126389
2 16 0.457813 0.177431 0.344531 0.181250
2 18 0.278711 0.675347 0.305859 0.174306
2 19 0.334766 0.778472 0.293750 0.148611
2 23 0.605469 0.508681 0.108594 0.145139
2 24 0.314648 0.810764 0.227734 0.174306
2 25 0.666016 0.490972 0.134375 0.143056
2 28 0.583398 0.751389 0.190234 0.108333
2 29 0.829297 0.684722 0.128125 0.076389
2 33 0.566211 0.921875 0.072266 0.145139
2 34 0.739258 0.956944 0.034766 0.084722