2 4 0.209961 0.104861 0.101172 0.062500
2 7 0.149023 0.621181 0.169922 0.102083
2 9 0.692578 0.212847 0.335938 0.167361
2 10 0.518555 0.499653 0.448828 0.264583
2 15 0.669531 0.602083 0.162500 0.123611
2 16 0.608594 0.105903 0.341406 0.171528
2 18 0.420703 0.836458 0.463281 0.245139
2 19 0.468555 0.909375 0.376172 0.181250
2 21 0.423242 0.969792 0.165234 0.059028
2 23 0.394336 0.382639 0.137891 0.143056
2 24 0.236719 0.735417 0.196875 0.311111
2 25 0.445117 0.385069 0.136328 0.072917
2 26 0.056055 0.866319 0.112109 0.167361
2 28 0.414062 0.733333 0.182031 0.181944
2 29 0.613281 0.656944 0.164062 0.115278
2 30 0.769141 0.376042 0.113281 0.146528
2 31 0.707031 0.396181 0.135156 0.140972
2 32 0.331055 0.767708 0.058203 0.150694