2 4 0.208008 0.105903 0.097266 0.061806
2 7 0.151562 0.623958 0.170313 0.100694
2 9 0.697852 0.209028 0.330859 0.165278
2 10 0.523438 0.500694 0.451562 0.263889
2 15 0.670312 0.599653 0.160938 0.128472
2 16 0.611914 0.111806 0.332422 0.180556
2 18 0.432227 0.842708 0.458984 0.256250
2 19 0.475000 0.906597 0.378906 0.185417
2 21 0.409180 0.969792 0.205078 0.059028
2 22 0.907227 0.214583 0.090234 0.058333
2 23 0.393555 0.380556 0.134766 0.143056
2 24 0.238086 0.732986 0.195703 0.307639
2 25 0.444141 0.381597 0.140625 0.078472
2 26 0.056445 0.864931 0.112891 0.170139
2 28 0.414648 0.731250 0.183984 0.186111
2 29 0.613672 0.656597 0.165625 0.115972
2 30 0.767188 0.380903 0.110937 0.138194
2 31 0.702734 0.397222 0.135156 0.141667
2 32 0.326953 0.764583 0.052344 0.147222