2 4 0.383398 0.115278 0.195703 0.105556
2 6 0.107422 0.201736 0.108594 0.102083
2 7 0.329688 0.613194 0.144531 0.088889
2 8 0.155273 0.188889 0.099609 0.080556
2 9 0.568555 0.200000 0.333203 0.213889
2 10 0.369336 0.555556 0.299609 0.195833
2 14 0.866797 0.800000 0.050781 0.088889
2 15 0.818359 0.635417 0.152344 0.105556
2 16 0.486133 0.164931 0.339453 0.224306
2 18 0.290430 0.711111 0.316797 0.193056
2 19 0.336133 0.801042 0.292578 0.160417
2 23 0.583008 0.501736 0.112891 0.135417
2 24 0.301563 0.825000 0.206250 0.187500
2 25 0.639648 0.486458 0.128516 0.125694
2 26 0.218164 0.869444 0.098828 0.102778
2 28 0.562891 0.761806 0.183594 0.084722
2 29 0.804688 0.689583 0.136719 0.075000
2 33 0.530469 0.906250 0.084375 0.154167
2 34 0.710547 0.941319 0.032031 0.115972