2 4 0.197461 0.115972 0.074609 0.047222
2 7 0.130078 0.622569 0.131250 0.115972
2 9 0.727344 0.194444 0.324219 0.163889
2 10 0.582422 0.502083 0.460938 0.241667
2 15 0.642383 0.611806 0.094141 0.072222
2 16 0.645117 0.125694 0.308203 0.195833
2 18 0.475586 0.848958 0.463672 0.285417
2 19 0.516211 0.898264 0.369141 0.202083
2 22 0.881055 0.208333 0.077734 0.066667
2 23 0.384570 0.367708 0.121484 0.140972
2 24 0.249219 0.713542 0.208594 0.288194
2 25 0.446484 0.373611 0.136719 0.081944
2 26 0.056836 0.845833 0.113672 0.187500
2 28 0.412695 0.722569 0.186328 0.184028
2 29 0.611133 0.646528 0.167578 0.105556
2 30 0.739062 0.406944 0.107813 0.127778
2 31 0.674219 0.406597 0.121875 0.131250
2 32 0.317383 0.750347 0.052734 0.131250