2 4 0.302539 0.105208 0.177734 0.090972
2 6 0.028125 0.256944 0.053906 0.077778
2 7 0.226953 0.620139 0.157031 0.130556
2 8 0.052539 0.218750 0.089453 0.087500
2 9 0.644141 0.194444 0.336719 0.198611
2 10 0.418945 0.486111 0.369141 0.212500
2 15 0.732422 0.630556 0.173437 0.140278
2 16 0.556250 0.083333 0.347656 0.169444
2 18 0.338281 0.788194 0.389844 0.212500
2 19 0.380664 0.879861 0.340234 0.202778
2 23 0.486719 0.413542 0.121875 0.100694
2 24 0.244141 0.739583 0.238281 0.175000
2 25 0.523828 0.419444 0.139063 0.084722
2 26 0.116406 0.872222 0.108594 0.130556
2 28 0.492969 0.738542 0.157031 0.120139
2 29 0.700391 0.687500 0.139844 0.097222
2 30 0.937109 0.318403 0.066406 0.197917
2 31 0.883203 0.356597 0.130469 0.152083
2 34 0.586523 0.856597 0.032422 0.153472