2 4 0.371289 0.105556 0.193359 0.083333
2 6 0.109766 0.207292 0.085156 0.102083
2 7 0.307227 0.607292 0.161328 0.111806
2 8 0.146094 0.194097 0.083594 0.074306
2 9 0.578320 0.198264 0.332422 0.213194
2 10 0.374414 0.536111 0.305078 0.234722
2 14 0.849219 0.790625 0.046094 0.104861
2 15 0.800977 0.633333 0.158203 0.094444
2 16 0.494531 0.152083 0.337500 0.231944
2 18 0.291406 0.722569 0.328906 0.203472
2 19 0.337500 0.810069 0.294531 0.170139
2 23 0.580664 0.484028 0.143359 0.140278
2 24 0.289844 0.832639 0.197656 0.168056
2 25 0.624805 0.471875 0.130078 0.106250
2 26 0.201758 0.863194 0.100391 0.102778
2 28 0.548438 0.759375 0.182031 0.089583
2 29 0.789648 0.688194 0.138672 0.075000
2 33 0.514258 0.889931 0.082422 0.157639
2 34 0.692187 0.930903 0.037500 0.136806