2 4 0.283789 0.104861 0.170703 0.094444
2 6 0.019531 0.275347 0.038281 0.065972
2 7 0.208203 0.617361 0.157812 0.123611
2 8 0.034961 0.237847 0.067578 0.072917
2 9 0.644922 0.188889 0.332813 0.215278
2 10 0.431055 0.485417 0.368359 0.226389
2 15 0.714648 0.619444 0.173047 0.137500
2 16 0.561328 0.085069 0.350000 0.170139
2 18 0.342969 0.798611 0.403125 0.225000
2 19 0.378516 0.883681 0.360156 0.189583
2 23 0.464648 0.402083 0.121484 0.100000
2 24 0.227148 0.730208 0.241797 0.196528
2 25 0.500781 0.403819 0.142969 0.071528
2 26 0.103711 0.883333 0.101953 0.151389
2 28 0.471484 0.732639 0.164062 0.123611
2 29 0.677148 0.684375 0.149609 0.107639
2 30 0.895508 0.312153 0.062109 0.214583
2 31 0.846875 0.354167 0.124219 0.152778
2 34 0.556641 0.830903 0.037500 0.150694