2 4 0.415625 0.139583 0.174219 0.119444
2 6 0.170508 0.163889 0.095703 0.068056
2 7 0.374023 0.606250 0.155078 0.058333
2 8 0.205078 0.157639 0.104688 0.087500
2 9 0.524414 0.244792 0.313672 0.228472
2 10 0.379492 0.542361 0.244141 0.123611
2 14 0.919336 0.825000 0.066797 0.040278
2 15 0.856445 0.618056 0.137109 0.113889
2 16 0.445508 0.166667 0.316797 0.141667
2 18 0.275000 0.662500 0.279687 0.198611
2 19 0.339258 0.722917 0.257422 0.195833
2 23 0.636719 0.519444 0.112500 0.150000
2 24 0.323047 0.782292 0.233594 0.134028
2 25 0.703125 0.495833 0.108594 0.143056
2 28 0.603320 0.742708 0.186328 0.110417
2 29 0.864062 0.684375 0.116406 0.084028
2 33 0.596875 0.935417 0.067969 0.127778
2 34 0.766211 0.970833 0.029297 0.056944