2 4 0.167969 0.108681 0.046875 0.061806
2 7 0.131445 0.629514 0.135547 0.143750
2 9 0.817383 0.165972 0.274609 0.266667
2 10 0.729492 0.501736 0.426953 0.290972
2 15 0.643164 0.547569 0.124609 0.070139
2 16 0.717187 0.175000 0.296875 0.236111
2 18 0.589063 0.825000 0.403906 0.348611
2 19 0.586328 0.891319 0.342969 0.215972
2 20 0.415039 0.892361 0.205859 0.213889
2 23 0.365234 0.331597 0.107813 0.138194
2 24 0.254492 0.643056 0.268359 0.265278
2 25 0.417578 0.337500 0.139844 0.144444
2 26 0.048633 0.802778 0.097266 0.247222
2 28 0.406250 0.691667 0.191406 0.205556
2 29 0.597070 0.627431 0.169141 0.121528
2 30 0.664648 0.440625 0.090234 0.160417
2 31 0.597852 0.442708 0.123828 0.136806
2 32 0.281836 0.687500 0.044141 0.109722