2 4 0.312109 0.106944 0.183594 0.095833
2 6 0.033789 0.249653 0.066797 0.081250
2 7 0.235742 0.622222 0.155859 0.130556
2 8 0.059375 0.219097 0.087500 0.089583
2 9 0.642383 0.196181 0.337891 0.215972
2 10 0.417773 0.487153 0.367578 0.210417
2 15 0.737500 0.628472 0.172656 0.127778
2 16 0.556445 0.083333 0.349609 0.169444
2 18 0.336328 0.781944 0.382031 0.212500
2 19 0.375195 0.878472 0.339453 0.205556
2 23 0.492773 0.421875 0.133984 0.104861
2 24 0.251367 0.744792 0.237109 0.168750
2 25 0.521875 0.421528 0.153125 0.084722
2 26 0.120898 0.869097 0.110547 0.125694
2 28 0.488672 0.749306 0.175781 0.131944
2 29 0.708594 0.683681 0.146094 0.082639
2 30 0.951172 0.321528 0.067969 0.187500
2 31 0.898242 0.352778 0.130078 0.150000
2 34 0.591992 0.863889 0.034766 0.152778