2 4 0.199805 0.113194 0.083203 0.050000
2 7 0.145898 0.622917 0.163672 0.112500
2 9 0.711523 0.189583 0.330859 0.158333
2 10 0.558203 0.503819 0.463281 0.250694
2 15 0.668945 0.596528 0.151953 0.115278
2 16 0.629687 0.120833 0.325000 0.181944
2 18 0.460547 0.847222 0.460938 0.277778
2 19 0.506055 0.903472 0.360547 0.191667
2 21 0.425195 0.963889 0.210547 0.061111
2 22 0.889258 0.208333 0.076953 0.059722
2 23 0.387891 0.374306 0.126562 0.137500
2 24 0.247070 0.721181 0.198828 0.282639
2 25 0.439453 0.381250 0.131250 0.079167
2 26 0.056055 0.857639 0.112109 0.180556
2 28 0.414062 0.725694 0.182031 0.183333
2 29 0.611523 0.651736 0.166016 0.110417
2 30 0.747266 0.401736 0.110937 0.125694
2 31 0.678516 0.403819 0.128906 0.134028
2 32 0.322656 0.758333 0.057031 0.134722