2 4 0.323828 0.107292 0.184375 0.096528
2 6 0.040039 0.234375 0.079297 0.102083
2 7 0.247852 0.623958 0.154297 0.132639
2 8 0.073828 0.215972 0.089063 0.087500
2 9 0.635352 0.200347 0.337891 0.214583
2 10 0.410352 0.490278 0.366797 0.208333
2 15 0.748242 0.635069 0.171484 0.124306
2 16 0.548828 0.084028 0.348438 0.162500
2 18 0.327930 0.776042 0.375391 0.206250
2 19 0.363477 0.874653 0.347266 0.206250
2 23 0.504687 0.420139 0.144531 0.097222
2 24 0.258398 0.768056 0.237891 0.180556
2 25 0.536133 0.433681 0.148828 0.090972
2 26 0.131250 0.864583 0.116406 0.109722
2 28 0.495508 0.750000 0.184766 0.125000
2 29 0.717187 0.682986 0.148438 0.077083
2 30 0.967969 0.326042 0.063281 0.182639
2 31 0.921875 0.362847 0.124219 0.152083
2 34 0.603711 0.877778 0.040234 0.166667