2 4 0.408398 0.122569 0.222266 0.113194
2 6 0.122070 0.195139 0.105078 0.102778
2 7 0.335547 0.623264 0.159375 0.078472
2 8 0.165625 0.184722 0.104688 0.081944
2 9 0.564063 0.205556 0.331250 0.220833
2 10 0.371875 0.547222 0.287500 0.183333
2 14 0.877930 0.807639 0.055859 0.077778
2 15 0.830664 0.630903 0.144922 0.106250
2 16 0.475391 0.171181 0.345313 0.211806
2 18 0.284375 0.692014 0.310937 0.193750
2 19 0.337891 0.791667 0.291406 0.150000
2 23 0.594336 0.501736 0.110547 0.129861
2 24 0.312305 0.819444 0.221484 0.187500
2 25 0.651367 0.478125 0.138672 0.125694
2 26 0.227539 0.864236 0.098828 0.100694
2 28 0.570508 0.759028 0.187109 0.095833
2 29 0.813086 0.687847 0.140234 0.077083
2 33 0.544531 0.911458 0.084375 0.147917
2 34 0.723242 0.947222 0.030859 0.104167