2 4 0.400000 0.119792 0.213281 0.110417
2 6 0.115430 0.197917 0.108984 0.102778
2 7 0.333984 0.619444 0.150000 0.081944
2 8 0.157812 0.189931 0.104688 0.074306
2 9 0.565039 0.202083 0.333984 0.218056
2 10 0.371289 0.550347 0.293359 0.190972
2 14 0.872852 0.806597 0.049609 0.085417
2 15 0.824609 0.631944 0.150000 0.104167
2 16 0.481250 0.167361 0.343750 0.220833
2 18 0.287109 0.699653 0.313281 0.192361
2 19 0.334375 0.793750 0.298438 0.152778
2 23 0.592383 0.500694 0.116016 0.131944
2 24 0.310742 0.821528 0.216797 0.194444
2 25 0.648242 0.481597 0.130078 0.134028
2 26 0.224219 0.868750 0.098437 0.111111
2 28 0.566797 0.759375 0.185938 0.089583
2 29 0.813086 0.688889 0.130078 0.077778
2 33 0.538086 0.908333 0.084766 0.152778
2 34 0.716016 0.942361 0.032031 0.113889