2 4 0.353711 0.103125 0.195703 0.064583
2 6 0.078906 0.200347 0.096875 0.117361
2 7 0.285938 0.620139 0.155469 0.118056
2 8 0.119727 0.190625 0.088672 0.089583
2 9 0.595898 0.194444 0.342578 0.209722
2 10 0.380859 0.486458 0.326562 0.213194
2 14 0.821484 0.787500 0.036719 0.102778
2 15 0.776367 0.625694 0.169922 0.090278
2 16 0.514258 0.108333 0.336328 0.208333
2 18 0.301172 0.735069 0.340625 0.204861
2 19 0.341211 0.826389 0.317578 0.180556
2 23 0.548047 0.470486 0.129688 0.134028
2 25 0.601758 0.446528 0.134766 0.094444
2 26 0.170898 0.851736 0.119922 0.085417
2 28 0.522461 0.746528 0.198828 0.108333
2 29 0.760352 0.687847 0.144141 0.071528
2 31 0.971875 0.373958 0.055469 0.121528
2 33 0.487305 0.875347 0.080078 0.172917
2 34 0.657813 0.915278 0.035937 0.168056