2 4 0.206055 0.106944 0.093359 0.061111
2 7 0.149219 0.623611 0.167969 0.102778
2 9 0.698438 0.206944 0.332031 0.163889
2 10 0.527930 0.501042 0.454297 0.263194
2 15 0.671289 0.599306 0.158984 0.137500
2 16 0.610547 0.116667 0.332031 0.188889
2 18 0.430273 0.841667 0.461328 0.254167
2 19 0.478906 0.909375 0.379688 0.181250
2 21 0.422070 0.970486 0.173047 0.057639
2 22 0.902930 0.215625 0.088672 0.053472
2 23 0.392188 0.378472 0.131250 0.143056
2 24 0.240039 0.729514 0.196484 0.303472
2 25 0.441992 0.380903 0.145703 0.072917
2 26 0.055859 0.864583 0.111719 0.168056
2 28 0.413477 0.731944 0.183203 0.184722
2 29 0.613672 0.655903 0.167187 0.115972
2 30 0.765039 0.384722 0.108203 0.129167
2 31 0.698438 0.397569 0.135156 0.142361
2 32 0.329492 0.763194 0.057422 0.144444