2 4 0.130664 0.111111 0.049609 0.052778
2 7 0.125586 0.638542 0.133984 0.168750
2 9 0.842187 0.149653 0.277344 0.178472
2 10 0.791602 0.520833 0.405859 0.300000
2 15 0.657227 0.554167 0.116797 0.113889
2 16 0.735352 0.203819 0.278516 0.227083
2 18 0.632617 0.812500 0.384766 0.375000
2 19 0.626758 0.884375 0.322266 0.229861
2 20 0.447266 0.868056 0.242188 0.262500
2 21 0.511328 0.872917 0.212500 0.252778
2 22 0.778516 0.230208 0.063281 0.110417
2 23 0.366797 0.319792 0.139063 0.135417
2 24 0.260547 0.597917 0.303125 0.205556
2 25 0.413281 0.330556 0.157031 0.184722
2 26 0.042578 0.785417 0.085156 0.277778
2 28 0.409570 0.672222 0.185547 0.194444
2 29 0.592383 0.619444 0.172266 0.118056
2 30 0.624219 0.458333 0.107031 0.155556
2 31 0.565430 0.464931 0.132422 0.152083
2 32 0.267188 0.695833 0.049219 0.115278