2 4 0.225391 0.110764 0.123438 0.082639
2 7 0.157422 0.616319 0.164062 0.103472
2 9 0.675000 0.209722 0.348438 0.204167
2 10 0.489648 0.488194 0.418359 0.263889
2 15 0.679688 0.600694 0.164062 0.151389
2 16 0.597266 0.092708 0.357031 0.182639
2 18 0.390820 0.822917 0.453516 0.215278
2 19 0.431250 0.911806 0.395313 0.175000
2 21 0.413086 0.978125 0.151172 0.042361
2 23 0.410352 0.391319 0.125391 0.134028
2 24 0.227539 0.737847 0.203516 0.320139
2 25 0.453516 0.396875 0.140625 0.096528
2 26 0.066406 0.888889 0.113281 0.184722
2 28 0.431836 0.720486 0.160547 0.142361
2 29 0.630273 0.664583 0.162891 0.113889
2 30 0.796289 0.351389 0.088672 0.162500
2 31 0.744727 0.401389 0.130859 0.119444