2 4 0.223242 0.109375 0.122266 0.079861
2 7 0.154688 0.617014 0.164844 0.104861
2 9 0.675781 0.204514 0.348438 0.210417
2 10 0.489258 0.490278 0.420703 0.268056
2 15 0.677930 0.599306 0.162109 0.151389
2 16 0.599023 0.092708 0.356641 0.184028
2 18 0.394141 0.823611 0.453125 0.215278
2 19 0.430469 0.912847 0.402344 0.174306
2 21 0.419727 0.978819 0.137891 0.040972
2 23 0.409570 0.389236 0.123047 0.132639
2 24 0.226367 0.736806 0.206641 0.318056
2 25 0.451758 0.397222 0.137891 0.100000
2 26 0.065625 0.890972 0.111719 0.193056
2 28 0.428320 0.721181 0.170703 0.146528
2 29 0.628516 0.664931 0.163281 0.111806
2 30 0.793555 0.354514 0.089453 0.160417
2 31 0.743164 0.403472 0.132422 0.123611