2 4 0.256250 0.108333 0.146875 0.087500
2 7 0.187109 0.617708 0.164062 0.122917
2 8 0.020898 0.245486 0.041797 0.070139
2 9 0.648438 0.188194 0.339062 0.200000
2 10 0.450000 0.477431 0.372656 0.229861
2 15 0.693945 0.610417 0.173047 0.138889
2 16 0.569336 0.085417 0.352734 0.170833
2 18 0.353125 0.812153 0.425000 0.225694
2 19 0.379102 0.906944 0.395703 0.156944
2 23 0.440625 0.397569 0.130469 0.121528
2 24 0.220508 0.730556 0.230078 0.243056
2 25 0.478906 0.404861 0.140625 0.102778
2 26 0.095508 0.897569 0.100391 0.171528
2 28 0.452539 0.739236 0.166016 0.147917
2 29 0.657422 0.671181 0.153906 0.117361
2 30 0.850000 0.314931 0.072656 0.207639
2 31 0.814063 0.375347 0.132031 0.121528