2 4 0.411133 0.135764 0.172266 0.132639
2 6 0.149805 0.176042 0.103516 0.077083
2 7 0.362891 0.612500 0.155469 0.063889
2 8 0.198242 0.164236 0.108984 0.092361
2 9 0.545703 0.239236 0.315625 0.263194
2 10 0.374805 0.531597 0.256641 0.136806
2 14 0.908594 0.824653 0.061719 0.043750
2 15 0.845898 0.623611 0.144922 0.122222
2 16 0.452539 0.171181 0.335547 0.149306
2 18 0.279297 0.667708 0.289062 0.184028
2 19 0.338477 0.756597 0.274609 0.163194
2 23 0.628906 0.514236 0.122656 0.150694
2 24 0.321680 0.794097 0.225391 0.153472
2 25 0.682617 0.493056 0.126172 0.144444
2 28 0.593359 0.746528 0.189062 0.106944
2 29 0.836328 0.682292 0.125781 0.082639
2 33 0.582422 0.931250 0.068750 0.136111
2 34 0.753906 0.963194 0.032031 0.072222