2 4 0.197852 0.116667 0.069922 0.050000
2 7 0.130859 0.622917 0.128906 0.115278
2 9 0.731836 0.193403 0.323828 0.168750
2 10 0.581836 0.500347 0.465234 0.238194
2 15 0.640820 0.609375 0.097266 0.079861
2 16 0.648828 0.131597 0.314844 0.210417
2 18 0.480273 0.848611 0.463672 0.290278
2 19 0.521484 0.898264 0.366406 0.203472
2 22 0.881250 0.215625 0.077344 0.057639
2 23 0.383789 0.370486 0.119141 0.140972
2 24 0.250391 0.711111 0.210938 0.286111
2 25 0.444531 0.372917 0.135156 0.087500
2 26 0.055273 0.846528 0.110547 0.190278
2 28 0.410547 0.721181 0.189062 0.185417
2 29 0.611523 0.645486 0.168359 0.107639
2 30 0.736719 0.408681 0.106250 0.131250
2 31 0.675781 0.405903 0.116406 0.129861
2 32 0.317383 0.750694 0.052734 0.131944