2 4 0.244727 0.106944 0.137891 0.077778
2 7 0.174023 0.615972 0.162109 0.112500
2 9 0.656055 0.192708 0.347266 0.220139
2 10 0.465430 0.474306 0.383203 0.231944
2 15 0.688477 0.607639 0.169141 0.143056
2 16 0.582031 0.087500 0.351562 0.175000
2 18 0.363477 0.819792 0.439453 0.220139
2 19 0.397656 0.905903 0.402344 0.150694
2 23 0.426758 0.395139 0.123828 0.122222
2 24 0.220508 0.733681 0.215234 0.279861
2 25 0.470898 0.414583 0.131641 0.113889
2 26 0.083398 0.893056 0.100391 0.172222
2 28 0.438672 0.732292 0.174219 0.140972
2 29 0.645703 0.666667 0.152344 0.122222
2 30 0.824219 0.327083 0.081250 0.197222
2 31 0.788086 0.391667 0.132422 0.109722