2 4 0.316602 0.107639 0.186328 0.098611
2 6 0.036914 0.242361 0.073047 0.091667
2 7 0.241602 0.624653 0.154297 0.129861
2 8 0.066406 0.218056 0.088281 0.088889
2 9 0.639258 0.198611 0.340234 0.216667
2 10 0.414062 0.488889 0.367188 0.209722
2 15 0.742383 0.631944 0.170703 0.126389
2 16 0.552734 0.083681 0.349219 0.165972
2 18 0.332422 0.779167 0.378906 0.209722
2 19 0.371680 0.875694 0.337891 0.211111
2 23 0.498828 0.419097 0.136719 0.097917
2 24 0.255664 0.752431 0.241797 0.168750
2 25 0.526172 0.426042 0.142969 0.084028
2 26 0.126758 0.861806 0.113672 0.123611
2 28 0.493164 0.747569 0.177734 0.122917
2 29 0.713086 0.685417 0.147266 0.083333
2 30 0.964063 0.323958 0.074219 0.185417
2 31 0.909570 0.356597 0.123047 0.152083
2 34 0.598437 0.871181 0.034375 0.156250