2 4 0.130664 0.106597 0.044141 0.054861
2 7 0.128125 0.641319 0.135937 0.178472
2 9 0.845898 0.140972 0.276172 0.170833
2 10 0.802734 0.525000 0.393750 0.300000
2 15 0.663672 0.551736 0.121875 0.122917
2 16 0.741406 0.210069 0.279687 0.215972
2 18 0.641211 0.810417 0.381641 0.377778
2 19 0.630469 0.884375 0.322656 0.229861
2 20 0.453516 0.861111 0.241406 0.265278
2 21 0.516797 0.869792 0.208594 0.259028
2 22 0.776953 0.236458 0.072656 0.120139
2 23 0.369922 0.313194 0.151562 0.133333
2 24 0.264258 0.593750 0.303516 0.201389
2 25 0.415625 0.329167 0.155469 0.190278
2 26 0.042188 0.781944 0.084375 0.284722
2 28 0.411328 0.670833 0.191406 0.195833
2 29 0.592187 0.617361 0.172656 0.118056
2 30 0.621094 0.462153 0.109375 0.157639
2 31 0.559961 0.468750 0.129297 0.155556
2 32 0.263281 0.694097 0.053125 0.118750