2 4 0.198242 0.119444 0.062891 0.056944
2 7 0.134570 0.623611 0.133203 0.130556
2 9 0.751563 0.191667 0.316406 0.197222
2 10 0.621484 0.494097 0.454688 0.246528
2 15 0.647656 0.598958 0.111719 0.064583
2 16 0.672461 0.146528 0.311328 0.226389
2 18 0.509766 0.844444 0.453125 0.311111
2 19 0.538086 0.895139 0.366797 0.208333
2 22 0.867578 0.212500 0.075000 0.076389
2 23 0.379102 0.353819 0.112109 0.139583
2 24 0.254102 0.690972 0.216016 0.275000
2 25 0.436914 0.362847 0.144141 0.086806
2 26 0.054492 0.835069 0.108984 0.202083
2 28 0.411914 0.715625 0.192578 0.195139
2 29 0.609375 0.639236 0.169531 0.110417
2 30 0.722266 0.425694 0.107031 0.151389
2 31 0.658008 0.398611 0.123047 0.123611
2 32 0.311914 0.725347 0.055859 0.103472