2 4 0.197656 0.115625 0.079687 0.045139
2 7 0.138281 0.623264 0.147656 0.114583
2 9 0.719727 0.192361 0.327734 0.161111
2 10 0.568164 0.503819 0.465234 0.245139
2 15 0.665234 0.590972 0.143750 0.118056
2 16 0.636133 0.119097 0.311328 0.181250
2 18 0.470703 0.848264 0.463281 0.279861
2 19 0.511328 0.901389 0.364844 0.197222
2 22 0.887891 0.210417 0.081250 0.054167
2 23 0.386328 0.371181 0.124219 0.139583
2 24 0.248438 0.717708 0.203906 0.285417
2 25 0.439258 0.377083 0.133984 0.079167
2 26 0.056445 0.848264 0.112891 0.178472
2 28 0.414648 0.723958 0.183203 0.182639
2 29 0.610742 0.646875 0.166797 0.103472
2 30 0.741211 0.404861 0.108984 0.123611
2 31 0.672266 0.406944 0.127344 0.131944
2 32 0.319336 0.759722 0.052734 0.134722