2 4 0.173828 0.108333 0.038281 0.075000
2 7 0.132227 0.629514 0.137109 0.142361
2 9 0.811719 0.166667 0.284375 0.280556
2 10 0.718164 0.498611 0.430078 0.283333
2 15 0.642578 0.550347 0.114844 0.057639
2 16 0.713867 0.172222 0.297266 0.237500
2 18 0.581445 0.827431 0.406641 0.345139
2 19 0.581250 0.891319 0.344531 0.215972
2 20 0.406250 0.897222 0.195312 0.202778
2 23 0.367578 0.334375 0.105469 0.138194
2 24 0.255273 0.645833 0.262891 0.266667
2 25 0.418945 0.342014 0.139453 0.139583
2 26 0.048828 0.805556 0.097656 0.240278
2 28 0.405664 0.693403 0.197266 0.202083
2 29 0.597852 0.627431 0.168359 0.117361
2 30 0.671484 0.434028 0.093750 0.150000
2 31 0.602539 0.440625 0.124609 0.136806
2 32 0.285352 0.694444 0.052734 0.104167