2 4 0.039258 0.145486 0.045703 0.057639
2 7 0.139063 0.649653 0.176563 0.124306
2 9 0.914258 0.182639 0.170703 0.227778
2 10 0.951562 0.551736 0.096094 0.128472
2 15 0.678711 0.451736 0.105078 0.207639
2 16 0.860547 0.246181 0.267969 0.220139
2 17 0.505664 0.964931 0.091797 0.070139
2 18 0.797656 0.725694 0.217188 0.333333
2 19 0.754492 0.815972 0.195703 0.248611
2 20 0.557813 0.698958 0.191406 0.331250
2 21 0.620703 0.726389 0.156250 0.356944
2 22 0.681250 0.294792 0.072656 0.113194
2 23 0.387891 0.278472 0.213281 0.166667
2 24 0.351172 0.590278 0.279687 0.238889
2 25 0.428711 0.277431 0.147266 0.236806
2 26 0.034961 0.720833 0.069922 0.294444
2 28 0.420117 0.629167 0.192578 0.212500
2 29 0.591992 0.588889 0.119141 0.229167
2 30 0.511328 0.525000 0.128125 0.180556
2 31 0.472070 0.526736 0.082422 0.181250