2 4 0.064844 0.148611 0.065625 0.052778
2 7 0.137109 0.647569 0.185938 0.113194
2 9 0.905859 0.168403 0.188281 0.206250
2 10 0.933984 0.525347 0.131250 0.124306
2 15 0.687305 0.450347 0.103516 0.179861
2 16 0.852539 0.236458 0.278516 0.218750
2 17 0.505078 0.972917 0.071094 0.052778
2 18 0.789648 0.735417 0.232422 0.336111
2 19 0.748047 0.820486 0.215625 0.256250
2 20 0.554492 0.717361 0.195703 0.330556
2 21 0.609961 0.753472 0.176172 0.359722
2 22 0.696875 0.289583 0.074219 0.108333
2 23 0.392578 0.279514 0.203906 0.152083
2 24 0.345313 0.592014 0.283594 0.229861
2 25 0.432422 0.288194 0.139063 0.226389
2 26 0.037500 0.735764 0.075000 0.302083
2 28 0.423242 0.637500 0.199609 0.198611
2 29 0.594922 0.595139 0.123438 0.225000
2 30 0.533984 0.510764 0.122656 0.188194
2 31 0.482812 0.526736 0.095312 0.204861