2 4 0.093555 0.123611 0.050391 0.086111
2 7 0.153125 0.625694 0.176563 0.102778
2 9 0.890625 0.136458 0.217969 0.177083
2 10 0.897266 0.501736 0.204687 0.159028
2 15 0.689648 0.476389 0.128516 0.156944
2 16 0.832422 0.229167 0.293750 0.218056
2 18 0.760156 0.757292 0.287500 0.356250
2 19 0.726953 0.862847 0.257031 0.231250
2 20 0.534766 0.771875 0.220312 0.327083
2 21 0.579688 0.779861 0.217188 0.333333
2 22 0.734375 0.261458 0.071094 0.118750
2 23 0.397656 0.269444 0.189844 0.119444
2 24 0.326367 0.577778 0.305859 0.193056
2 25 0.443555 0.306944 0.141797 0.229167
2 26 0.051953 0.746181 0.078906 0.299306
2 28 0.429102 0.654514 0.200391 0.178472
2 29 0.603516 0.596181 0.143750 0.167361
2 30 0.578906 0.493056 0.115625 0.187500
2 31 0.518750 0.500000 0.110937 0.200000
2 32 0.264258 0.677083 0.041016 0.119444