2 7 0.134766 0.648958 0.172656 0.139583
2 9 0.918750 0.204514 0.161719 0.240972
2 15 0.677148 0.436458 0.086328 0.204861
2 16 0.869922 0.259028 0.253125 0.219444
2 17 0.499219 0.955903 0.116406 0.086806
2 18 0.809375 0.721181 0.200781 0.321528
2 19 0.760352 0.810417 0.177734 0.233333
2 20 0.569531 0.674653 0.175781 0.331250
2 21 0.624219 0.696181 0.153125 0.352083
2 22 0.658984 0.305903 0.067969 0.131250
2 23 0.391797 0.273611 0.214062 0.168056
2 24 0.355078 0.589236 0.278906 0.240972
2 25 0.427344 0.255903 0.146875 0.228472
2 26 0.030273 0.704167 0.060547 0.284722
2 28 0.414648 0.622569 0.183984 0.228472
2 29 0.584766 0.588194 0.112500 0.238889
2 30 0.498242 0.538194 0.116797 0.173611