2 4 0.086719 0.133333 0.054688 0.086111
2 7 0.151758 0.632639 0.175391 0.093056
2 9 0.892773 0.141667 0.213672 0.183333
2 10 0.902734 0.510764 0.193750 0.127083
2 15 0.689258 0.470833 0.124609 0.158333
2 16 0.837500 0.230903 0.290625 0.215972
2 18 0.767188 0.753819 0.277344 0.352083
2 19 0.731641 0.854514 0.249219 0.232639
2 20 0.537695 0.759375 0.219922 0.331250
2 21 0.586133 0.775347 0.213672 0.336806
2 22 0.727148 0.265625 0.085547 0.120139
2 23 0.396875 0.274306 0.195312 0.127778
2 24 0.330273 0.581597 0.308203 0.204861
2 25 0.443359 0.301389 0.137500 0.222222
2 26 0.050781 0.742708 0.078125 0.299306
2 28 0.426758 0.652431 0.202734 0.177083
2 29 0.599414 0.595486 0.143359 0.168750
2 30 0.573633 0.496528 0.112109 0.187500
2 31 0.511719 0.502778 0.110937 0.201389
2 32 0.258789 0.689583 0.042578 0.113889