2 4 0.071094 0.153125 0.064844 0.052083
2 7 0.141016 0.644792 0.182812 0.110417
2 9 0.903125 0.162153 0.192969 0.199306
2 10 0.928125 0.516667 0.142969 0.125000
2 15 0.687695 0.453472 0.105859 0.173611
2 16 0.849609 0.232986 0.282813 0.211806
2 17 0.503711 0.975694 0.065234 0.048611
2 18 0.785742 0.738194 0.239453 0.343056
2 19 0.744922 0.824306 0.223438 0.258333
2 20 0.550000 0.726042 0.200781 0.328472
2 21 0.609961 0.761458 0.172266 0.356250
2 22 0.705469 0.286111 0.077344 0.105556
2 23 0.395508 0.278819 0.198828 0.147917
2 24 0.341211 0.593403 0.286328 0.224306
2 25 0.434375 0.292361 0.139063 0.229167
2 26 0.041016 0.741319 0.076563 0.306250
2 28 0.421875 0.642708 0.197656 0.197917
2 29 0.601172 0.597917 0.118750 0.220833
2 30 0.545117 0.508681 0.111328 0.190972
2 31 0.487891 0.522222 0.096875 0.201389
2 32 0.239648 0.693056 0.041797 0.122222