2 4 0.048828 0.145486 0.060156 0.059028
2 7 0.139258 0.648611 0.178516 0.120833
2 9 0.911133 0.178819 0.176953 0.220139
2 10 0.948438 0.546181 0.102344 0.128472
2 15 0.680078 0.446875 0.107813 0.195139
2 16 0.858594 0.243403 0.271094 0.221528
2 17 0.507227 0.965278 0.083984 0.068056
2 18 0.795508 0.726736 0.219141 0.336806
2 19 0.753906 0.816319 0.198437 0.250694
2 20 0.557031 0.702778 0.192969 0.330556
2 21 0.617969 0.735069 0.167187 0.359028
2 22 0.686719 0.294444 0.073438 0.112500
2 23 0.391992 0.278472 0.205078 0.161111
2 24 0.348438 0.593056 0.284375 0.240278
2 25 0.430469 0.279167 0.145313 0.231944
2 26 0.035937 0.724653 0.071875 0.296528
2 28 0.420312 0.630556 0.192188 0.211111
2 29 0.593945 0.589583 0.120703 0.226389
2 30 0.517188 0.518750 0.131250 0.183333
2 31 0.473047 0.523958 0.092188 0.185417