2 4 0.104102 0.124306 0.057422 0.090278
2 7 0.151953 0.620486 0.165625 0.107639
2 9 0.884766 0.130556 0.230469 0.186111
2 10 0.885156 0.511458 0.228906 0.249306
2 15 0.689844 0.491319 0.129688 0.156250
2 16 0.820703 0.227431 0.290625 0.220139
2 18 0.742578 0.766667 0.312500 0.359722
2 19 0.715625 0.876042 0.270313 0.239583
2 20 0.524805 0.793750 0.224609 0.320833
2 21 0.569141 0.793056 0.225000 0.330556
2 22 0.738281 0.257292 0.075781 0.131250
2 23 0.398633 0.275000 0.182422 0.113889
2 24 0.315430 0.573264 0.311328 0.179861
2 25 0.443555 0.317361 0.140234 0.229167
2 26 0.052344 0.751736 0.080469 0.304861
2 28 0.430664 0.648611 0.201953 0.184722
2 29 0.607031 0.583333 0.145313 0.175000
2 30 0.585547 0.490625 0.103125 0.174306
2 31 0.527539 0.496181 0.119141 0.197917
2 32 0.268359 0.665972 0.054688 0.123611