2 7 0.134180 0.648611 0.171484 0.143056
2 9 0.921484 0.209375 0.156250 0.250694
2 15 0.677734 0.434375 0.080469 0.207639
2 16 0.872266 0.262153 0.247656 0.218750
2 17 0.501172 0.953125 0.114062 0.092361
2 18 0.811523 0.719792 0.194922 0.318750
2 19 0.762109 0.807639 0.173437 0.233333
2 20 0.569922 0.668403 0.175000 0.332639
2 21 0.623633 0.683681 0.154297 0.343750
2 22 0.653516 0.306944 0.071875 0.143056
2 23 0.392578 0.271528 0.211719 0.172222
2 24 0.356055 0.588889 0.273047 0.248611
2 25 0.425391 0.252778 0.151562 0.230556
2 26 0.029297 0.705208 0.058594 0.296528
2 28 0.413086 0.620139 0.182422 0.229167
2 29 0.581445 0.588889 0.110547 0.241667
2 30 0.491211 0.543403 0.118359 0.168750