2 4 0.099219 0.123611 0.050000 0.088889
2 7 0.152930 0.619444 0.171484 0.109722
2 9 0.886523 0.132986 0.226172 0.188194
2 10 0.891016 0.502431 0.217188 0.220139
2 15 0.689844 0.486806 0.131250 0.155556
2 16 0.829492 0.227431 0.294922 0.220139
2 18 0.747852 0.763889 0.305078 0.359722
2 19 0.717383 0.873611 0.270703 0.234722
2 20 0.530078 0.784028 0.224219 0.325000
2 21 0.574414 0.784722 0.222266 0.326389
2 22 0.736719 0.260417 0.071875 0.118056
2 23 0.399219 0.271875 0.182812 0.114583
2 24 0.321484 0.577083 0.312500 0.188889
2 25 0.443555 0.314931 0.143359 0.232639
2 26 0.052539 0.750347 0.080078 0.302083
2 28 0.431250 0.649653 0.200000 0.186806
2 29 0.606055 0.588889 0.147266 0.168056
2 30 0.585938 0.486806 0.107031 0.177778
2 31 0.524414 0.498611 0.113672 0.202778
2 32 0.273438 0.663889 0.054688 0.115278