2 7 0.135156 0.651389 0.171875 0.147222
2 9 0.926172 0.215278 0.146875 0.280556
2 15 0.669727 0.432292 0.066016 0.214583
2 16 0.880273 0.269444 0.238672 0.215278
2 17 0.511328 0.945833 0.115625 0.108333
2 18 0.818164 0.713194 0.174609 0.312500
2 19 0.769336 0.808333 0.163672 0.230556
2 20 0.579883 0.655208 0.166016 0.331250
2 21 0.627930 0.663194 0.156641 0.338889
2 22 0.639648 0.311806 0.069141 0.144444
2 23 0.396680 0.269097 0.211328 0.172917
2 24 0.361328 0.584375 0.270313 0.240972
2 25 0.425000 0.242014 0.149219 0.235417
2 26 0.027539 0.652431 0.055078 0.218750
2 28 0.412695 0.615278 0.180859 0.233333
2 29 0.583398 0.587153 0.099609 0.247917
2 30 0.479883 0.557292 0.119141 0.163194