2 4 0.079297 0.142708 0.058594 0.085417
2 7 0.149023 0.636458 0.178516 0.097917
2 9 0.894922 0.146528 0.209375 0.188889
2 10 0.909766 0.510417 0.180469 0.116667
2 15 0.686133 0.467361 0.123828 0.163889
2 16 0.840820 0.232292 0.288672 0.215972
2 17 0.494141 0.981250 0.058594 0.036111
2 18 0.773047 0.749653 0.268750 0.347917
2 19 0.735742 0.845833 0.242578 0.238889
2 20 0.537891 0.749306 0.217188 0.327778
2 21 0.591016 0.774306 0.204687 0.344444
2 22 0.725586 0.272917 0.080078 0.116667
2 23 0.402930 0.276389 0.179297 0.127778
2 24 0.332031 0.584722 0.302344 0.206944
2 25 0.440430 0.300347 0.138672 0.225694
2 26 0.047852 0.743056 0.077734 0.300000
2 28 0.426953 0.650347 0.203125 0.184028
2 29 0.602734 0.591667 0.139063 0.173611
2 30 0.568359 0.499653 0.108594 0.186806
2 31 0.504687 0.505208 0.110937 0.202083
2 32 0.253320 0.685417 0.043359 0.127778