2 7 0.135156 0.652778 0.167969 0.150000
2 9 0.930469 0.183333 0.138281 0.229167
2 15 0.670703 0.432986 0.058594 0.218750
2 16 0.884375 0.275000 0.230469 0.219444
2 17 0.516016 0.941319 0.119531 0.115972
2 18 0.823047 0.712847 0.169531 0.306250
2 19 0.773047 0.807639 0.155469 0.230556
2 20 0.583203 0.646875 0.164062 0.327083
2 21 0.629297 0.655208 0.153906 0.331250
2 22 0.635352 0.313889 0.071484 0.144444
2 23 0.398828 0.268056 0.210938 0.175000
2 24 0.365039 0.584722 0.268359 0.244444
2 25 0.425195 0.235069 0.148828 0.222917
2 26 0.027344 0.646528 0.054688 0.215278
2 28 0.413672 0.612500 0.178906 0.236111
2 29 0.584766 0.585417 0.094531 0.250000
2 30 0.478125 0.560764 0.117969 0.160417