2 4 0.082422 0.145833 0.058594 0.070833
2 7 0.145898 0.639931 0.181641 0.102083
2 9 0.897070 0.151736 0.205859 0.192361
2 10 0.916211 0.510069 0.166797 0.106250
2 15 0.682813 0.463194 0.122656 0.169444
2 16 0.843750 0.232986 0.286719 0.215972
2 17 0.498828 0.979167 0.059375 0.040278
2 18 0.778516 0.744444 0.260156 0.343056
2 19 0.739258 0.836458 0.235547 0.245139
2 20 0.543359 0.744792 0.212500 0.331250
2 21 0.596094 0.772569 0.197656 0.347917
2 22 0.718555 0.277431 0.081641 0.109028
2 23 0.401953 0.276389 0.185156 0.137500
2 24 0.335742 0.589583 0.296484 0.213889
2 25 0.437305 0.298611 0.139453 0.229167
2 26 0.044531 0.743056 0.077344 0.300000
2 28 0.426563 0.647222 0.203125 0.190278
2 29 0.610742 0.601736 0.124609 0.207639
2 30 0.561328 0.501389 0.110156 0.186111
2 31 0.498437 0.508681 0.106250 0.196528
2 32 0.251172 0.689931 0.045312 0.110417