2 7 0.134766 0.649306 0.173437 0.136111
2 9 0.916992 0.198611 0.166016 0.236111
2 10 0.966211 0.586458 0.066797 0.109028
2 15 0.675977 0.438194 0.091797 0.201389
2 16 0.867383 0.255556 0.258203 0.219444
2 17 0.496875 0.958681 0.118750 0.081250
2 18 0.806836 0.722222 0.206641 0.323611
2 19 0.758594 0.812847 0.182031 0.232639
2 20 0.568750 0.680903 0.176563 0.329861
2 21 0.623828 0.708333 0.153125 0.366667
2 22 0.669922 0.301736 0.074219 0.122917
2 23 0.391016 0.275694 0.216406 0.163889
2 24 0.353516 0.591319 0.278906 0.240972
2 25 0.426172 0.264583 0.138281 0.222222
2 26 0.033398 0.710069 0.066797 0.289583
2 28 0.416211 0.624653 0.185547 0.227083
2 29 0.587695 0.587153 0.114453 0.235417
2 30 0.505078 0.534028 0.115625 0.179167
2 31 0.455664 0.529167 0.089453 0.166667