2 7 0.134961 0.649306 0.175391 0.144444
2 9 0.925195 0.214583 0.148828 0.270833
2 15 0.674023 0.431597 0.084766 0.210417
2 16 0.876172 0.267014 0.246875 0.218750
2 17 0.506641 0.949306 0.111719 0.100000
2 18 0.813086 0.713194 0.179297 0.318056
2 19 0.765234 0.807986 0.171875 0.229861
2 20 0.574414 0.662847 0.171484 0.335417
2 21 0.625000 0.675694 0.155469 0.343056
2 22 0.645508 0.309722 0.070703 0.144444
2 23 0.394336 0.269792 0.211328 0.170139
2 24 0.357031 0.587153 0.271094 0.245139
2 25 0.426758 0.243750 0.148047 0.226389
2 26 0.027539 0.657639 0.055078 0.222222
2 28 0.411523 0.617708 0.182422 0.229861
2 29 0.581445 0.587847 0.104297 0.245139
2 30 0.481250 0.553472 0.120313 0.165278