2 4 0.098828 0.123611 0.051562 0.087500
2 7 0.153906 0.618403 0.177344 0.111806
2 9 0.888867 0.135069 0.222266 0.182639
2 10 0.891797 0.492361 0.215625 0.190278
2 15 0.689648 0.481597 0.132422 0.154861
2 16 0.827148 0.227431 0.296484 0.220139
2 18 0.752734 0.760417 0.297656 0.359722
2 19 0.718555 0.870833 0.270703 0.229167
2 20 0.527734 0.784375 0.225000 0.322917
2 21 0.573828 0.784028 0.224219 0.327778
2 22 0.736133 0.258681 0.073047 0.125694
2 23 0.403516 0.272569 0.175000 0.113194
2 24 0.322461 0.577431 0.309766 0.189583
2 25 0.443359 0.312500 0.146094 0.236111
2 26 0.052734 0.748611 0.079687 0.298611
2 28 0.431250 0.650694 0.197656 0.188889
2 29 0.604883 0.594444 0.148828 0.161111
2 30 0.582617 0.489931 0.111328 0.182639
2 31 0.523633 0.499306 0.113672 0.201389
2 32 0.272070 0.665972 0.048047 0.119444