2 4 0.039062 0.146181 0.047656 0.063194
2 7 0.138867 0.650347 0.174609 0.127083
2 9 0.913086 0.187847 0.173047 0.229861
2 10 0.954688 0.557292 0.089844 0.128472
2 15 0.677148 0.449653 0.101953 0.207639
2 16 0.862500 0.247917 0.264844 0.218056
2 17 0.503516 0.963542 0.099219 0.071528
2 18 0.799609 0.724653 0.214844 0.329861
2 19 0.754883 0.815278 0.192578 0.245833
2 20 0.558594 0.694792 0.189844 0.331250
2 21 0.621289 0.726736 0.162109 0.363194
2 22 0.678125 0.297917 0.071875 0.115278
2 23 0.391211 0.277431 0.212891 0.160417
2 24 0.350000 0.591319 0.281250 0.236806
2 25 0.426758 0.275694 0.148828 0.241667
2 26 0.035937 0.721875 0.071875 0.293750
2 28 0.419336 0.627778 0.192578 0.213889
2 29 0.590039 0.587847 0.117578 0.231250
2 30 0.511719 0.527431 0.121094 0.182639
2 31 0.468945 0.525000 0.084766 0.175000