2 4 0.108984 0.124306 0.064844 0.091667
2 7 0.147852 0.623264 0.158203 0.114583
2 9 0.882422 0.127083 0.234375 0.183333
2 10 0.875000 0.512847 0.249219 0.247917
2 15 0.688086 0.497222 0.133984 0.152778
2 16 0.814648 0.227778 0.291016 0.220833
2 18 0.732617 0.774653 0.324609 0.363194
2 19 0.707812 0.880903 0.276562 0.234028
2 20 0.518555 0.801389 0.227734 0.311111
2 21 0.561719 0.802778 0.228906 0.333333
2 22 0.741797 0.254861 0.071094 0.127778
2 23 0.395898 0.276736 0.178516 0.109028
2 24 0.310742 0.573264 0.314453 0.175694
2 25 0.441211 0.320833 0.140234 0.226389
2 26 0.051758 0.753125 0.082422 0.302083
2 28 0.432031 0.653125 0.196094 0.185417
2 29 0.604492 0.587500 0.148828 0.161111
2 30 0.585156 0.493750 0.099219 0.170833
2 31 0.530273 0.493750 0.124609 0.193056
2 32 0.267383 0.672222 0.052734 0.127778