2 7 0.134766 0.648958 0.173437 0.143750
2 9 0.924219 0.213542 0.150781 0.260417
2 15 0.676172 0.432986 0.082812 0.209028
2 16 0.874414 0.264931 0.247266 0.218750
2 17 0.504102 0.951736 0.112891 0.096528
2 18 0.810156 0.717014 0.182812 0.318750
2 19 0.763672 0.808333 0.172656 0.231944
2 20 0.572266 0.665625 0.173437 0.334028
2 21 0.625781 0.675694 0.153125 0.338889
2 22 0.647656 0.306597 0.069531 0.138194
2 23 0.393750 0.271181 0.211719 0.171528
2 24 0.358203 0.587153 0.275000 0.249306
2 25 0.426367 0.244792 0.147266 0.227083
2 26 0.028516 0.681944 0.057031 0.259722
2 28 0.412305 0.619097 0.182422 0.229861
2 29 0.581445 0.588542 0.107422 0.243750
2 30 0.486328 0.548958 0.119531 0.167361