2 4 0.038281 0.147569 0.049219 0.067361
2 7 0.137109 0.650000 0.174219 0.131944
2 9 0.914648 0.192014 0.169922 0.231250
2 10 0.962305 0.576042 0.074609 0.113194
2 15 0.676562 0.444097 0.096875 0.204861
2 16 0.865234 0.251736 0.261719 0.218750
2 17 0.492578 0.961111 0.124219 0.076389
2 18 0.803516 0.723958 0.210938 0.327083
2 19 0.757031 0.814236 0.187500 0.239583
2 20 0.560547 0.688194 0.189844 0.330556
2 21 0.623047 0.713542 0.157031 0.360417
2 22 0.675586 0.299306 0.073047 0.119444
2 23 0.391406 0.277083 0.214844 0.162500
2 24 0.352930 0.590278 0.283203 0.238889
2 25 0.426563 0.270139 0.143750 0.231944
2 26 0.034766 0.714583 0.069531 0.291667
2 28 0.417969 0.626389 0.189062 0.220833
2 29 0.588867 0.587500 0.116016 0.233333
2 30 0.512109 0.528819 0.114062 0.184028
2 31 0.465430 0.522569 0.087109 0.168750