2 7 0.138672 0.651042 0.169531 0.161806
2 9 0.940820 0.174653 0.117578 0.222917
2 15 0.674023 0.421875 0.054297 0.221528
2 16 0.896289 0.284028 0.206641 0.219444
2 17 0.529297 0.935069 0.118750 0.128472
2 18 0.841211 0.715625 0.145703 0.293750
2 19 0.789062 0.816319 0.129688 0.215972
2 20 0.595898 0.620486 0.160547 0.315972
2 21 0.640625 0.623958 0.152344 0.314583
2 22 0.621289 0.327778 0.066016 0.147222
2 23 0.407617 0.261806 0.211328 0.169444
2 24 0.380859 0.576389 0.260156 0.237500
2 25 0.428516 0.219792 0.145313 0.222917
2 26 0.028516 0.634028 0.057031 0.216667
2 28 0.420703 0.612153 0.170313 0.240972
2 29 0.595898 0.583333 0.074609 0.270833
2 30 0.467383 0.577778 0.140234 0.148611