2 4 0.057813 0.145139 0.074219 0.059722
2 7 0.138477 0.648264 0.182422 0.117361
2 9 0.908008 0.174306 0.183203 0.212500
2 10 0.941211 0.536111 0.116797 0.126389
2 15 0.683789 0.448611 0.105859 0.187500
2 16 0.855859 0.239931 0.275000 0.220139
2 17 0.506445 0.969097 0.077734 0.060417
2 18 0.791797 0.731597 0.227344 0.336806
2 19 0.751172 0.818403 0.207031 0.253472
2 20 0.555859 0.710417 0.194531 0.330556
2 21 0.614258 0.742014 0.173047 0.365972
2 22 0.691992 0.293056 0.073828 0.111111
2 23 0.392578 0.279167 0.204687 0.156944
2 24 0.346289 0.590972 0.286328 0.231944
2 25 0.431641 0.284028 0.142187 0.229167
2 26 0.037109 0.730903 0.074219 0.296528
2 28 0.421875 0.634375 0.196094 0.204861
2 29 0.594727 0.592708 0.122266 0.225694
2 30 0.522461 0.512153 0.133984 0.185417
2 31 0.477344 0.530208 0.093750 0.207639