2 4 0.079883 0.148264 0.061328 0.065972
2 7 0.145508 0.641319 0.180859 0.104861
2 9 0.898633 0.156944 0.201953 0.195833
2 10 0.919531 0.508681 0.160938 0.115972
2 15 0.685352 0.459722 0.115234 0.168056
2 16 0.845313 0.232639 0.286719 0.213889
2 17 0.500391 0.978819 0.059375 0.042361
2 18 0.780273 0.742708 0.253516 0.346528
2 19 0.740625 0.825347 0.233594 0.254861
2 20 0.546094 0.735764 0.203125 0.329861
2 21 0.601172 0.764931 0.189062 0.357639
2 22 0.711914 0.283333 0.081641 0.111111
2 23 0.400586 0.280903 0.190234 0.140972
2 24 0.338477 0.591667 0.288672 0.222222
2 25 0.436719 0.297222 0.139063 0.230556
2 26 0.044727 0.742014 0.077734 0.299306
2 28 0.424023 0.647569 0.200391 0.193750
2 29 0.609180 0.601042 0.119141 0.211806
2 30 0.553906 0.502778 0.111719 0.184722
2 31 0.491992 0.512153 0.101172 0.190972
2 32 0.245312 0.699306 0.045312 0.126389