2 7 0.140039 0.652778 0.170703 0.155556
2 9 0.938477 0.175694 0.123047 0.226389
2 15 0.670508 0.427778 0.059766 0.226389
2 16 0.892578 0.277431 0.214062 0.215972
2 17 0.523242 0.937153 0.122266 0.124306
2 18 0.835352 0.714931 0.153516 0.295139
2 19 0.783398 0.802083 0.139453 0.240278
2 20 0.593359 0.631944 0.155469 0.322222
2 21 0.637891 0.635069 0.148438 0.320139
2 22 0.628711 0.321181 0.068359 0.142361
2 23 0.405664 0.261458 0.209766 0.170139
2 24 0.375391 0.579514 0.264844 0.242361
2 25 0.428711 0.226389 0.148047 0.222222
2 26 0.027734 0.636458 0.055469 0.211806
2 28 0.418750 0.612500 0.170313 0.236111
2 29 0.585352 0.578819 0.095703 0.253472
2 30 0.466797 0.575000 0.127344 0.150000