2 1 0.462695 0.573958 0.358203 0.850694
2 2 0.334766 0.386111 0.346875 0.598611
2 3 0.244141 0.228819 0.383594 0.457639
2 4 0.360156 0.611458 0.316406 0.735417
2 6 0.338281 0.419444 0.335156 0.522222
2 7 0.322070 0.543056 0.251953 0.320833
2 8 0.269922 0.147222 0.333594 0.291667
2 9 0.325000 0.165625 0.262500 0.336806
2 12 0.414258 0.744792 0.276172 0.509028
2 13 0.565820 0.787153 0.184766 0.424306
2 14 0.387305 0.703125 0.220703 0.485417
2 15 0.730078 0.438542 0.101562 0.196528
2 16 0.245703 0.371181 0.246875 0.297917
2 19 0.054297 0.589236 0.108594 0.163194
2 22 0.691211 0.265278 0.073828 0.147222
2 24 0.776172 0.303472 0.049219 0.188889
2 25 0.727344 0.909722 0.137500 0.179167
2 26 0.026367 0.279514 0.052734 0.045139