2 1 0.452930 0.614236 0.426953 0.770139
2 2 0.373633 0.372222 0.350391 0.554167
2 3 0.279297 0.202083 0.393750 0.404167
2 4 0.361328 0.569097 0.360156 0.635417
2 6 0.365039 0.391667 0.360547 0.437500
2 7 0.336328 0.484722 0.271875 0.245833
2 8 0.314648 0.131250 0.301953 0.258333
2 9 0.373828 0.160764 0.284375 0.322917
2 12 0.409961 0.737500 0.334766 0.488889
2 13 0.564453 0.805903 0.217969 0.386806
2 14 0.393555 0.672569 0.253516 0.424306
2 15 0.750586 0.518750 0.129297 0.205556
2 16 0.288477 0.286806 0.264453 0.233333
2 19 0.052148 0.439583 0.104297 0.140278
2 22 0.748242 0.303125 0.083984 0.149306
2 24 0.837891 0.365625 0.057031 0.193750
2 25 0.725781 0.954514 0.077344 0.089583
2 26 0.031836 0.094792 0.063672 0.079861