2 1 0.412305 0.621528 0.641016 0.595833
2 2 0.515430 0.282639 0.420703 0.359722
2 3 0.583008 0.161111 0.489453 0.322222
2 4 0.493359 0.478472 0.382812 0.340278
2 6 0.540820 0.317014 0.351172 0.377083
2 9 0.695312 0.236458 0.353906 0.347917
2 10 0.683789 0.106944 0.427734 0.213889
2 12 0.378906 0.477778 0.395313 0.518056
2 13 0.422852 0.878819 0.346484 0.240972
2 14 0.441016 0.603819 0.320312 0.181250
2 15 0.513281 0.909028 0.164844 0.180556
2 16 0.590430 0.214236 0.242578 0.259028
2 17 0.114258 0.939931 0.225391 0.118750