2 1 0.492969 0.554514 0.271875 0.888194
2 2 0.321289 0.389583 0.330078 0.611111
2 3 0.245312 0.255208 0.326562 0.510417
2 4 0.374219 0.594792 0.242969 0.811806
2 6 0.339062 0.443750 0.282813 0.559722
2 7 0.335352 0.597222 0.209766 0.379167
2 8 0.235156 0.173611 0.264062 0.347222
2 9 0.323047 0.189583 0.199219 0.377778
2 12 0.457031 0.721875 0.207031 0.554861
2 13 0.585742 0.768403 0.144141 0.440972
2 14 0.406445 0.719444 0.167578 0.497222
2 15 0.712500 0.359722 0.082031 0.187500
2 16 0.248242 0.446181 0.226172 0.352083
2 19 0.076172 0.703125 0.152344 0.218750
2 22 0.646875 0.249653 0.058594 0.152083
2 24 0.726953 0.239236 0.035156 0.143750
2 25 0.756445 0.860417 0.143359 0.277778
2 26 0.048242 0.451389 0.096484 0.104167
2 27 0.942578 0.055903 0.114062 0.111806