2 1 0.406445 0.716667 0.684766 0.348611
2 2 0.435742 0.256944 0.476953 0.294444
2 3 0.469922 0.105903 0.520312 0.215972
2 4 0.407813 0.454167 0.492188 0.268056
2 6 0.457813 0.286458 0.401562 0.247917
2 7 0.412500 0.269444 0.270313 0.240278
2 9 0.566797 0.116319 0.389844 0.232639
2 10 0.556055 0.058333 0.389453 0.116667
2 12 0.343359 0.561111 0.464062 0.302778
2 13 0.499805 0.920833 0.326953 0.156944
2 14 0.412305 0.623958 0.326953 0.178472
2 15 0.700195 0.902083 0.238672 0.155556
2 16 0.485742 0.125000 0.246484 0.248611
2 22 0.926562 0.746875 0.138281 0.079861