2 1 0.417187 0.730208 0.571875 0.538194
2 2 0.383984 0.303472 0.446094 0.330556
2 3 0.380078 0.112500 0.498437 0.225000
2 4 0.359375 0.487847 0.467187 0.279861
2 6 0.395898 0.296528 0.391797 0.230556
2 7 0.352734 0.337847 0.276562 0.139583
2 9 0.481055 0.127083 0.332422 0.254167
2 12 0.371484 0.678125 0.417969 0.296528
2 13 0.521875 0.865972 0.274219 0.266667
2 14 0.379102 0.630208 0.304297 0.268750
2 15 0.713477 0.741667 0.173047 0.169444
2 16 0.365820 0.110417 0.305859 0.208333
2 19 0.038672 0.047569 0.077344 0.086806
2 22 0.814453 0.505208 0.110156 0.107639
2 24 0.900781 0.648958 0.097656 0.197917