2 1 0.395313 0.680208 0.705469 0.474306
2 2 0.469727 0.279514 0.463672 0.317361
2 3 0.515625 0.129861 0.525781 0.266667
2 4 0.441797 0.455556 0.450781 0.318056
2 6 0.492773 0.297569 0.382422 0.303472
2 7 0.453906 0.263194 0.228906 0.279167
2 9 0.623437 0.154861 0.387500 0.309722
2 10 0.612305 0.068750 0.408984 0.137500
2 12 0.337500 0.515972 0.442969 0.383333
2 13 0.482812 0.946528 0.355469 0.105556
2 14 0.421875 0.618403 0.333594 0.157639
2 15 0.627539 0.938542 0.203516 0.121528
2 16 0.531445 0.152778 0.246484 0.287500
2 22 0.953125 0.940625 0.092969 0.093750