2 1 0.446875 0.650694 0.480469 0.697222
2 2 0.374219 0.348611 0.396094 0.490278
2 3 0.307617 0.175347 0.417578 0.350694
2 4 0.365820 0.538889 0.390234 0.527778
2 6 0.376758 0.362500 0.374609 0.355556
2 7 0.338867 0.436806 0.261328 0.183333
2 9 0.419531 0.158333 0.290625 0.316667
2 12 0.391602 0.733333 0.341016 0.384722
2 13 0.554688 0.823264 0.232813 0.352083
2 14 0.393359 0.654167 0.273438 0.376389
2 15 0.746680 0.587153 0.144141 0.195139
2 16 0.337695 0.210069 0.341016 0.177083
2 19 0.047070 0.297917 0.094141 0.098611
2 22 0.774414 0.353472 0.096484 0.138889
2 24 0.869727 0.440278 0.068359 0.195833