2 1 0.413086 0.744792 0.585547 0.509028
2 2 0.387695 0.290278 0.452734 0.316667
2 3 0.388672 0.102778 0.506250 0.205556
2 4 0.360547 0.478819 0.480469 0.242361
2 6 0.399219 0.299306 0.397656 0.195833
2 7 0.360352 0.315972 0.273047 0.175000
2 9 0.491992 0.120139 0.341016 0.240278
2 12 0.364063 0.655556 0.425000 0.323611
2 13 0.517188 0.873264 0.285938 0.252083
2 14 0.380273 0.628125 0.309766 0.252083
2 15 0.710547 0.768056 0.180469 0.165278
2 16 0.395117 0.106597 0.274609 0.214583
2 19 0.041602 0.029861 0.083203 0.059722
2 22 0.822656 0.532986 0.112500 0.103472
2 24 0.909570 0.688889 0.094141 0.197222