2 1 0.500781 0.560069 0.250781 0.875694
2 2 0.324219 0.379514 0.316406 0.581250
2 3 0.258984 0.259375 0.331250 0.518750
2 4 0.375391 0.592361 0.245312 0.816667
2 6 0.343555 0.459028 0.268359 0.565278
2 7 0.348438 0.608333 0.210938 0.387500
2 8 0.245508 0.185764 0.252734 0.371528
2 9 0.330469 0.198264 0.189844 0.389583
2 12 0.467773 0.729514 0.187109 0.539583
2 13 0.591992 0.771875 0.137109 0.439583
2 14 0.410547 0.730556 0.157812 0.488889
2 15 0.712500 0.353125 0.078125 0.186806
2 16 0.259180 0.464583 0.222266 0.362500
2 19 0.083594 0.735764 0.167187 0.242361
2 22 0.640430 0.257986 0.055078 0.152083
2 24 0.719141 0.243750 0.034375 0.141667
2 25 0.762695 0.856250 0.142578 0.286111
2 26 0.056250 0.498264 0.116406 0.120139
2 27 0.935156 0.060417 0.128906 0.120833