2 1 0.453711 0.600347 0.403516 0.797917
2 2 0.358984 0.377083 0.350781 0.570833
2 3 0.266406 0.209722 0.389844 0.419444
2 4 0.358984 0.586111 0.350000 0.670833
2 6 0.365430 0.400347 0.335547 0.472917
2 7 0.331641 0.505556 0.263281 0.262500
2 8 0.309375 0.140625 0.315625 0.278472
2 9 0.361914 0.161111 0.266016 0.320833
2 12 0.410742 0.745486 0.315234 0.497917
2 13 0.565625 0.799653 0.210156 0.399306
2 14 0.390430 0.685069 0.245703 0.452083
2 15 0.745313 0.494097 0.120313 0.206250
2 16 0.273438 0.315625 0.257031 0.254861
2 19 0.052930 0.486806 0.105859 0.143056
2 22 0.731055 0.290278 0.084766 0.148611
2 24 0.817773 0.344097 0.058203 0.202083
2 25 0.733984 0.943056 0.085156 0.112500
2 26 0.028906 0.159722 0.057813 0.051389