2 1 0.454883 0.596181 0.396484 0.806250
2 2 0.352930 0.378472 0.353516 0.576389
2 3 0.262891 0.211458 0.389062 0.422917
2 4 0.358594 0.592708 0.346094 0.681250
2 6 0.363672 0.405556 0.332813 0.481944
2 7 0.329297 0.512500 0.264844 0.272222
2 8 0.308789 0.145139 0.322266 0.287500
2 9 0.354883 0.161458 0.269141 0.321528
2 12 0.411328 0.749306 0.307812 0.500000
2 13 0.566016 0.797917 0.207031 0.402778
2 14 0.389844 0.688889 0.242969 0.461111
2 15 0.745117 0.485417 0.118359 0.204167
2 16 0.268750 0.323264 0.253906 0.264583
2 19 0.053125 0.502083 0.106250 0.144444
2 22 0.725391 0.287153 0.082812 0.147917
2 24 0.812891 0.337847 0.057031 0.202083
2 25 0.732031 0.938889 0.096094 0.120833
2 26 0.028516 0.177778 0.057031 0.050000