2 1 0.524023 0.580208 0.177734 0.842361
2 2 0.364844 0.439236 0.255469 0.565972
2 3 0.293555 0.303472 0.289453 0.504167
2 4 0.400781 0.618056 0.223438 0.759722
2 6 0.368164 0.514931 0.236328 0.540972
2 7 0.382812 0.676042 0.200781 0.371528
2 8 0.267969 0.211111 0.214844 0.408333
2 9 0.342773 0.257292 0.188672 0.388194
2 12 0.506445 0.764236 0.144141 0.470139
2 13 0.618555 0.798958 0.117578 0.400694
2 14 0.427734 0.759375 0.150781 0.479861
2 15 0.720117 0.380208 0.066797 0.178472
2 16 0.295898 0.539583 0.200391 0.331944
2 19 0.110547 0.807639 0.221094 0.337500
2 22 0.638867 0.327431 0.047266 0.147917
2 24 0.713086 0.306944 0.023828 0.154167
2 25 0.785742 0.864931 0.137891 0.268750
2 26 0.088672 0.643750 0.177344 0.213889
2 27 0.910352 0.134028 0.138672 0.118056