2 1 0.502539 0.562847 0.244922 0.870139
2 2 0.326562 0.388542 0.311719 0.584028
2 3 0.261719 0.262500 0.328906 0.525000
2 4 0.375781 0.595139 0.245312 0.809722
2 6 0.344727 0.467014 0.263672 0.570139
2 7 0.351562 0.617708 0.210156 0.384028
2 8 0.243945 0.192014 0.239453 0.384028
2 9 0.333789 0.204167 0.188672 0.398611
2 12 0.471094 0.735069 0.182031 0.528472
2 13 0.594336 0.774653 0.133984 0.438194
2 14 0.411719 0.736458 0.155469 0.490972
2 15 0.712500 0.353125 0.078125 0.186806
2 16 0.262109 0.472222 0.219531 0.363889
2 19 0.085938 0.746528 0.171875 0.250000
2 22 0.638672 0.263542 0.054688 0.150694
2 24 0.717383 0.246528 0.034766 0.141667
2 25 0.764844 0.856250 0.142187 0.286111
2 26 0.059766 0.538542 0.119531 0.174306
2 27 0.932422 0.063194 0.134375 0.126389