2 1 0.437695 0.676389 0.511328 0.645833
2 2 0.375000 0.335417 0.412500 0.437500
2 3 0.329688 0.155556 0.446094 0.311111
2 4 0.363867 0.519444 0.410547 0.450000
2 6 0.381250 0.338194 0.382812 0.295833
2 7 0.340820 0.386111 0.272266 0.109722
2 9 0.445312 0.147917 0.321875 0.295833
2 12 0.390039 0.711458 0.370703 0.335417
2 13 0.543945 0.836458 0.241797 0.325694
2 14 0.388477 0.644097 0.281641 0.338194
2 15 0.735938 0.635764 0.150781 0.189583
2 16 0.338281 0.170833 0.310156 0.130556
2 19 0.042578 0.209722 0.087500 0.084722
2 22 0.786914 0.395833 0.098047 0.126389
2 24 0.878516 0.500000 0.073438 0.195833