2 1 0.455859 0.592361 0.389844 0.813889
2 2 0.353125 0.380903 0.349219 0.581250
2 3 0.259766 0.214583 0.387500 0.429167
2 4 0.359180 0.597222 0.341797 0.690278
2 6 0.361328 0.411806 0.329688 0.491667
2 7 0.327539 0.518403 0.266797 0.281250
2 8 0.301367 0.147569 0.318359 0.292361
2 9 0.347461 0.161806 0.272266 0.322222
2 12 0.411133 0.749653 0.301172 0.499306
2 13 0.566211 0.796528 0.204297 0.405556
2 14 0.390039 0.691319 0.239453 0.464583
2 15 0.745508 0.477083 0.116797 0.202778
2 16 0.264453 0.330903 0.250781 0.274306
2 19 0.053125 0.516667 0.106250 0.144444
2 22 0.719141 0.284028 0.080469 0.147222
2 24 0.807422 0.332639 0.055469 0.202778
2 25 0.730469 0.934722 0.107031 0.129167
2 26 0.028125 0.194792 0.056250 0.047917