2 1 0.453320 0.624306 0.443359 0.750000
2 2 0.377539 0.367014 0.359766 0.540972
2 3 0.289648 0.194792 0.397266 0.389583
2 4 0.363672 0.559375 0.364844 0.606250
2 6 0.369531 0.385069 0.364063 0.417361
2 7 0.341602 0.471875 0.270703 0.231250
2 8 0.326172 0.131597 0.303125 0.257639
2 9 0.381445 0.160069 0.297266 0.317361
2 12 0.410547 0.734722 0.344531 0.479167
2 13 0.563477 0.810069 0.224609 0.378472
2 14 0.396094 0.663889 0.257812 0.404167
2 15 0.752930 0.537847 0.133984 0.203472
2 16 0.294336 0.268750 0.278516 0.213889
2 19 0.050586 0.403472 0.101172 0.131944
2 22 0.757422 0.314931 0.087500 0.146528
2 24 0.849219 0.385069 0.057031 0.192361
2 25 0.719727 0.963194 0.069141 0.072222
2 26 0.026953 0.052083 0.053906 0.084722