2 1 0.440430 0.669444 0.503516 0.659722
2 2 0.374805 0.338889 0.409766 0.451389
2 3 0.323633 0.160764 0.437891 0.321528
2 4 0.364453 0.523958 0.405469 0.470139
2 6 0.380273 0.345833 0.381641 0.309722
2 7 0.342773 0.404167 0.272266 0.140278
2 9 0.440430 0.150694 0.312109 0.300000
2 12 0.390625 0.718403 0.361719 0.350694
2 13 0.547266 0.832639 0.240625 0.333333
2 14 0.390039 0.646528 0.280078 0.348611
2 15 0.739062 0.622917 0.149219 0.191667
2 16 0.337109 0.181944 0.324219 0.138889
2 19 0.041992 0.231944 0.089453 0.090278
2 22 0.784180 0.383333 0.098047 0.131944
2 24 0.876172 0.479167 0.071875 0.193056