2 1 0.422266 0.716319 0.557813 0.565972
2 2 0.381445 0.319792 0.437109 0.345139
2 3 0.371875 0.122917 0.491406 0.245833
2 4 0.358984 0.497222 0.453125 0.319444
2 6 0.391992 0.302431 0.389453 0.253472
2 7 0.349219 0.350694 0.270313 0.127778
2 9 0.467773 0.134722 0.334766 0.266667
2 12 0.373437 0.711806 0.408594 0.259722
2 13 0.527734 0.858681 0.265625 0.281250
2 14 0.378906 0.633333 0.298438 0.290278
2 15 0.718555 0.715625 0.167578 0.171528
2 16 0.356445 0.127431 0.308984 0.200694
2 19 0.038086 0.081250 0.076172 0.093056
2 22 0.806641 0.477431 0.107031 0.110417
2 24 0.892383 0.611806 0.085547 0.193056