2 1 0.417578 0.619444 0.635156 0.602778
2 2 0.518945 0.284722 0.416797 0.363889
2 3 0.588086 0.164236 0.484766 0.328472
2 4 0.497461 0.481944 0.378516 0.340278
2 6 0.545312 0.319792 0.347656 0.379861
2 9 0.700195 0.243750 0.352734 0.354167
2 10 0.689844 0.111111 0.426563 0.222222
2 12 0.383789 0.477083 0.389453 0.526389
2 13 0.422070 0.873958 0.342578 0.250694
2 14 0.443555 0.603125 0.319141 0.188194
2 15 0.508984 0.904514 0.167969 0.189583
2 16 0.598047 0.215625 0.241406 0.267361
2 17 0.115039 0.921181 0.227734 0.156250