2 1 0.458203 0.584375 0.375781 0.829861
2 2 0.353711 0.386458 0.340234 0.590972
2 3 0.253320 0.221181 0.383984 0.442361
2 4 0.360352 0.605903 0.333203 0.707639
2 6 0.353711 0.418403 0.330078 0.507639
2 7 0.321875 0.530556 0.252344 0.279167
2 8 0.285938 0.152431 0.310156 0.302083
2 9 0.336914 0.161458 0.275391 0.320139
2 12 0.410547 0.750694 0.288281 0.497222
2 13 0.566211 0.792708 0.197266 0.413194
2 14 0.390820 0.696181 0.232422 0.471528
2 15 0.739258 0.460764 0.112891 0.202083
2 16 0.258008 0.346875 0.245703 0.286806
2 19 0.053711 0.545486 0.107422 0.150694
2 22 0.707617 0.276736 0.077734 0.146528
2 24 0.795508 0.319792 0.051953 0.196528
2 25 0.727734 0.925000 0.123438 0.148611
2 26 0.027930 0.226389 0.055859 0.050000