2 1 0.470508 0.565278 0.333203 0.868056
2 2 0.323828 0.389236 0.353906 0.615972
2 3 0.240820 0.235764 0.381641 0.471528
2 4 0.360352 0.617361 0.289453 0.752778
2 6 0.331250 0.415972 0.327344 0.523611
2 7 0.313867 0.566319 0.230859 0.324306
2 8 0.262500 0.152431 0.321094 0.304861
2 9 0.319727 0.175347 0.242578 0.349306
2 12 0.426563 0.722222 0.264062 0.554167
2 13 0.567773 0.781944 0.170703 0.434722
2 14 0.388477 0.707292 0.205859 0.493750
2 15 0.723242 0.414931 0.096484 0.196528
2 16 0.235156 0.389236 0.246875 0.313194
2 19 0.056055 0.626736 0.112109 0.182639
2 22 0.675977 0.256944 0.066016 0.147222
2 24 0.760352 0.283333 0.044141 0.184722
2 25 0.732422 0.895486 0.145313 0.207639
2 26 0.027344 0.324653 0.054688 0.049306