2 1 0.487695 0.553819 0.289453 0.886806
2 2 0.318555 0.390278 0.342578 0.618056
2 3 0.240820 0.243403 0.340234 0.486806
2 4 0.369336 0.601389 0.244141 0.790278
2 6 0.334570 0.436458 0.296484 0.561806
2 7 0.328320 0.585069 0.219141 0.365972
2 8 0.220898 0.178819 0.224609 0.357639
2 9 0.321484 0.188542 0.207813 0.377083
2 12 0.444336 0.737500 0.229297 0.523611
2 13 0.579102 0.770486 0.151172 0.440972
2 14 0.401172 0.718403 0.178125 0.500694
2 15 0.714063 0.373958 0.085156 0.190972
2 16 0.244727 0.427431 0.237109 0.352083
2 19 0.068750 0.678819 0.137500 0.206250
2 22 0.654687 0.248264 0.061719 0.149306
2 24 0.738477 0.247569 0.039453 0.154861
2 25 0.748828 0.869792 0.145313 0.259028
2 26 0.038867 0.405208 0.077734 0.084028
2 27 0.950195 0.067361 0.098828 0.106944