2 1 0.412305 0.754167 0.598047 0.490278
2 2 0.393359 0.278125 0.457031 0.302083
2 3 0.397461 0.094097 0.514453 0.188194
2 4 0.361914 0.471181 0.493359 0.206250
2 6 0.406250 0.290278 0.401562 0.195833
2 7 0.364648 0.306944 0.271484 0.180556
2 9 0.503320 0.114931 0.351172 0.229861
2 12 0.351172 0.644792 0.429688 0.342361
2 13 0.512500 0.881597 0.290625 0.238194
2 14 0.382031 0.626042 0.314063 0.240972
2 15 0.708789 0.793056 0.187891 0.161111
2 16 0.411328 0.114236 0.279687 0.234028
2 22 0.836133 0.561806 0.116016 0.100000
2 24 0.922266 0.727431 0.096875 0.196528