2 1 0.481836 0.555556 0.304297 0.883333
2 2 0.319141 0.392014 0.349219 0.622917
2 3 0.237695 0.244097 0.351953 0.488194
2 4 0.364063 0.609028 0.256250 0.779167
2 6 0.332813 0.428472 0.307031 0.548611
2 7 0.323437 0.580208 0.224219 0.352083
2 8 0.239063 0.172917 0.264062 0.345833
2 9 0.321289 0.181597 0.216016 0.365972
2 12 0.435352 0.753819 0.234766 0.490972
2 13 0.574609 0.773958 0.155469 0.440972
2 14 0.395313 0.713889 0.187500 0.498611
2 15 0.716992 0.386111 0.088672 0.193056
2 16 0.242188 0.412847 0.243750 0.345139
2 19 0.063867 0.663889 0.127734 0.200000
2 22 0.659961 0.249306 0.062109 0.148611
2 24 0.744141 0.259722 0.040625 0.169444
2 25 0.742773 0.877778 0.146484 0.243056
2 26 0.033008 0.376389 0.066016 0.072222
2 27 0.958203 0.083333 0.082812 0.084722