2 1 0.400586 0.696181 0.701953 0.374306
2 2 0.446875 0.266667 0.474219 0.300000
2 3 0.486328 0.117361 0.522656 0.234722
2 4 0.425781 0.452083 0.467969 0.293056
2 6 0.470898 0.293056 0.397266 0.273611
2 7 0.432031 0.268056 0.238281 0.256944
2 9 0.586523 0.131944 0.394141 0.263889
2 10 0.575586 0.055556 0.398047 0.111111
2 12 0.336328 0.541319 0.457813 0.331250
2 13 0.497070 0.939583 0.352734 0.119444
2 14 0.416406 0.624306 0.328125 0.172222
2 15 0.684961 0.924653 0.244922 0.139583
2 16 0.500781 0.136806 0.252344 0.273611
2 22 0.937109 0.815972 0.125000 0.081944