2 1 0.412109 0.760417 0.603906 0.480556
2 2 0.397461 0.272222 0.460547 0.294444
2 3 0.403906 0.093403 0.515625 0.186806
2 4 0.365625 0.467708 0.497656 0.210417
2 6 0.409961 0.286111 0.403516 0.195833
2 7 0.369336 0.303125 0.269922 0.188194
2 9 0.508398 0.111806 0.354297 0.223611
2 12 0.353516 0.638889 0.443750 0.325000
2 13 0.510156 0.885764 0.292969 0.231250
2 14 0.385156 0.626389 0.316406 0.233333
2 15 0.708398 0.805556 0.191797 0.159722
2 16 0.414453 0.115278 0.279687 0.227778
2 22 0.842773 0.576042 0.117578 0.097917
2 24 0.929883 0.746181 0.101172 0.196528