2 1 0.467773 0.566667 0.342578 0.865278
2 2 0.327344 0.388542 0.351562 0.610417
2 3 0.241992 0.233333 0.382422 0.466667
2 4 0.360156 0.615278 0.298438 0.747222
2 6 0.331641 0.416319 0.332031 0.525694
2 7 0.318945 0.556944 0.243359 0.333333
2 8 0.265039 0.150347 0.325391 0.300694
2 9 0.320898 0.171875 0.250391 0.346528
2 12 0.422266 0.729861 0.267969 0.538889
2 13 0.566406 0.783333 0.176563 0.431944
2 14 0.388281 0.705903 0.210938 0.490972
2 15 0.724609 0.423264 0.096875 0.197917
2 16 0.234375 0.385069 0.246875 0.306250
2 19 0.054297 0.616667 0.108594 0.177778
2 22 0.681055 0.259375 0.068359 0.146528
2 24 0.764648 0.290625 0.046484 0.185417
2 25 0.730273 0.900347 0.144141 0.197917
2 26 0.026367 0.311806 0.052734 0.045833