2 1 0.513281 0.577083 0.200781 0.850000
2 2 0.345898 0.422569 0.284766 0.574306
2 3 0.280078 0.285069 0.303906 0.524306
2 4 0.386133 0.611806 0.234766 0.773611
2 6 0.357812 0.493403 0.244531 0.549306
2 7 0.371289 0.659375 0.204297 0.374306
2 8 0.257422 0.214583 0.217188 0.429167
2 9 0.342383 0.232986 0.182422 0.395139
2 12 0.495508 0.750694 0.159766 0.497222
2 13 0.607812 0.790972 0.120313 0.416667
2 14 0.421680 0.755208 0.148828 0.488194
2 15 0.714648 0.370139 0.071484 0.180556
2 16 0.278125 0.524306 0.200000 0.336111
2 19 0.102148 0.792361 0.204297 0.312500
2 22 0.636133 0.306944 0.049609 0.148611
2 24 0.714844 0.292014 0.027344 0.139583
2 25 0.776367 0.861458 0.137109 0.275694
2 26 0.078125 0.622917 0.156250 0.220833
2 27 0.910156 0.105556 0.137500 0.120833