2 1 0.472656 0.563194 0.323437 0.870833
2 2 0.322461 0.390278 0.353516 0.619444
2 3 0.239258 0.238542 0.373828 0.477083
2 4 0.360547 0.615972 0.280469 0.759722
2 6 0.331445 0.416319 0.323047 0.521528
2 7 0.316211 0.570486 0.229297 0.331250
2 8 0.257812 0.158333 0.308594 0.316667
2 9 0.320703 0.176736 0.232813 0.353472
2 12 0.425586 0.737500 0.251953 0.523611
2 13 0.568750 0.780208 0.164844 0.438194
2 14 0.389648 0.708681 0.201172 0.495139
2 15 0.722070 0.406944 0.095703 0.195833
2 16 0.235742 0.394097 0.246484 0.320139
2 19 0.057617 0.636806 0.115234 0.187500
2 22 0.670703 0.254167 0.064062 0.147222
2 24 0.755664 0.275000 0.041797 0.183333
2 25 0.733984 0.890625 0.146094 0.217361
2 26 0.028125 0.338542 0.056250 0.053472
2 27 0.972461 0.117361 0.054297 0.052778