2 1 0.465430 0.570139 0.350391 0.858333
2 2 0.331250 0.386806 0.349219 0.604167
2 3 0.242969 0.231250 0.382812 0.462500
2 4 0.360352 0.613542 0.307422 0.740972
2 6 0.335156 0.417708 0.333594 0.524306
2 7 0.323828 0.546528 0.255469 0.341667
2 8 0.267383 0.148611 0.329297 0.295833
2 9 0.321875 0.167708 0.257812 0.343750
2 12 0.418555 0.737153 0.272266 0.524306
2 13 0.566211 0.785069 0.180859 0.428472
2 14 0.387500 0.704514 0.215625 0.488194
2 15 0.727344 0.430556 0.099219 0.197222
2 16 0.237109 0.378125 0.252344 0.302083
2 19 0.054297 0.603472 0.108594 0.170833
2 22 0.686328 0.262153 0.071094 0.146528
2 24 0.769336 0.298958 0.048828 0.186806
2 25 0.728711 0.904861 0.141016 0.188889
2 26 0.025586 0.297917 0.051172 0.041667