2 1 0.397266 0.667708 0.700000 0.506250
2 2 0.477539 0.280208 0.456641 0.321528
2 3 0.530273 0.137500 0.516797 0.276389
2 4 0.449805 0.457292 0.437891 0.325694
2 6 0.502344 0.301389 0.377344 0.320833
2 9 0.633398 0.164931 0.391797 0.325694
2 10 0.628320 0.072569 0.411328 0.145139
2 12 0.343164 0.505556 0.434766 0.415278
2 13 0.470898 0.934375 0.348047 0.129861
2 14 0.424805 0.611458 0.331641 0.152083
2 15 0.607422 0.937847 0.208594 0.122917
2 16 0.544141 0.168750 0.245312 0.279167
2 22 0.958008 0.969792 0.083203 0.059028