2 1 0.516797 0.577778 0.192969 0.847222
2 2 0.350977 0.430208 0.276953 0.575694
2 3 0.284180 0.290972 0.299609 0.518056
2 4 0.390625 0.613889 0.231250 0.768056
2 6 0.361133 0.500347 0.241797 0.546528
2 7 0.374805 0.664236 0.202734 0.372917
2 8 0.260547 0.210069 0.218750 0.420139
2 9 0.342773 0.240625 0.184766 0.388194
2 12 0.499219 0.755208 0.154688 0.488194
2 13 0.610742 0.793056 0.119141 0.412500
2 14 0.423242 0.756597 0.149609 0.485417
2 15 0.715039 0.374306 0.069922 0.176389
2 16 0.283594 0.529514 0.202344 0.335417
2 19 0.104883 0.797222 0.209766 0.320833
2 22 0.636914 0.314583 0.048828 0.148611
2 24 0.714258 0.297222 0.026172 0.144444
2 25 0.778711 0.862500 0.137109 0.273611
2 26 0.081641 0.630208 0.163281 0.218750
2 27 0.910352 0.114931 0.137891 0.120139