2 1 0.451562 0.634375 0.458594 0.729861
2 2 0.375195 0.359028 0.373047 0.522222
2 3 0.296680 0.187500 0.405078 0.375000
2 4 0.364648 0.552431 0.374609 0.577083
2 6 0.373242 0.376736 0.367578 0.395139
2 7 0.343945 0.460417 0.261328 0.215278
2 8 0.340039 0.131597 0.312891 0.260417
2 9 0.394531 0.159028 0.296094 0.318056
2 12 0.398242 0.734722 0.339453 0.419444
2 13 0.561133 0.814931 0.228516 0.368750
2 14 0.395117 0.662153 0.264453 0.395139
2 15 0.750977 0.557639 0.135547 0.200000
2 16 0.315430 0.252431 0.307422 0.197917
2 19 0.049414 0.371875 0.098828 0.131250
2 22 0.765039 0.328472 0.091797 0.143056
2 24 0.857617 0.406944 0.060547 0.197222
2 25 0.713867 0.971181 0.062109 0.057639
2 26 0.030078 0.029861 0.060156 0.059722