2 1 0.484961 0.554514 0.296484 0.884028
2 2 0.318750 0.390972 0.346094 0.620833
2 3 0.239063 0.243750 0.346094 0.487500
2 4 0.366602 0.604861 0.250391 0.784722
2 6 0.333398 0.435069 0.301172 0.563194
2 7 0.325977 0.582986 0.221484 0.359028
2 8 0.230078 0.176042 0.244531 0.352083
2 9 0.321680 0.185069 0.212109 0.371528
2 12 0.439844 0.745486 0.232031 0.507639
2 13 0.576758 0.771875 0.153516 0.440972
2 14 0.398047 0.715972 0.182812 0.500000
2 15 0.715039 0.379514 0.085547 0.192361
2 16 0.244922 0.420139 0.242188 0.354167
2 19 0.066211 0.672222 0.132422 0.204167
2 22 0.657422 0.247917 0.062500 0.148611
2 24 0.741016 0.254167 0.039844 0.162500
2 25 0.746094 0.873611 0.146094 0.251389
2 26 0.035937 0.390972 0.071875 0.077778
2 27 0.954297 0.075000 0.090625 0.095833