2 1 0.448242 0.645139 0.473047 0.708333
2 2 0.374414 0.351736 0.387891 0.502083
2 3 0.303906 0.179514 0.413281 0.359028
2 4 0.365430 0.543403 0.384766 0.545139
2 6 0.375781 0.368056 0.371875 0.372222
2 7 0.341016 0.446528 0.260156 0.197222
2 9 0.412305 0.160069 0.283984 0.322917
2 12 0.391797 0.733681 0.339062 0.386806
2 13 0.556641 0.820833 0.229687 0.356944
2 14 0.394336 0.657639 0.270703 0.383333
2 15 0.748047 0.577431 0.141406 0.196528
2 16 0.335547 0.217014 0.339844 0.175694
2 19 0.047461 0.319792 0.094922 0.106250
2 22 0.770703 0.344097 0.096094 0.139583
2 24 0.865625 0.429514 0.065625 0.196528
2 25 0.701562 0.979514 0.054688 0.039583