2 1 0.408594 0.738194 0.669531 0.355556
2 2 0.426758 0.253472 0.476953 0.287500
2 3 0.455469 0.100000 0.521875 0.204167
2 4 0.399609 0.455903 0.496094 0.253472
2 6 0.447656 0.285764 0.402344 0.232639
2 7 0.401953 0.276042 0.271094 0.227083
2 9 0.553906 0.107986 0.383594 0.215972
2 10 0.535937 0.060069 0.375000 0.120139
2 12 0.346094 0.578125 0.463281 0.288194
2 13 0.505859 0.912153 0.324219 0.174306
2 14 0.407617 0.623611 0.326953 0.186111
2 15 0.706055 0.884375 0.227734 0.157639
2 16 0.471680 0.116667 0.245703 0.238889
2 22 0.913281 0.703125 0.139063 0.082639
2 24 0.966602 0.933333 0.067578 0.131944