2 1 0.402734 0.698958 0.698438 0.353472
2 2 0.443750 0.262500 0.475781 0.297222
2 3 0.481055 0.113542 0.523047 0.227083
2 4 0.421875 0.451042 0.472656 0.286806
2 6 0.466406 0.289583 0.399219 0.262500
2 7 0.425000 0.267361 0.254688 0.251389
2 9 0.579492 0.126389 0.394141 0.252778
2 10 0.569531 0.056597 0.395313 0.113194
2 12 0.337695 0.545486 0.461328 0.317361
2 13 0.497852 0.933333 0.344141 0.131944
2 14 0.416406 0.624306 0.325000 0.175000
2 15 0.693359 0.919792 0.250000 0.143750
2 16 0.497852 0.135069 0.248828 0.270139
2 22 0.934961 0.792708 0.129297 0.079861