2 1 0.433203 0.689931 0.527344 0.618750
2 2 0.376758 0.329861 0.421484 0.408333
2 3 0.349414 0.144792 0.474609 0.288194
2 4 0.364453 0.512847 0.421094 0.410417
2 6 0.383789 0.327083 0.386328 0.276389
2 7 0.344141 0.376389 0.274219 0.111111
2 9 0.453125 0.148264 0.322656 0.296528
2 12 0.382031 0.711458 0.379688 0.320139
2 13 0.538477 0.844444 0.248828 0.309722
2 14 0.384766 0.641319 0.288281 0.320139
2 15 0.729492 0.660417 0.154297 0.184722
2 16 0.343750 0.152083 0.310156 0.151389
2 19 0.041211 0.166667 0.082422 0.080556
2 22 0.792578 0.421875 0.100000 0.117361
2 24 0.882617 0.540972 0.076172 0.201389