2 1 0.444922 0.655903 0.487500 0.686806
2 2 0.374414 0.345139 0.404297 0.479167
2 3 0.311328 0.170833 0.421875 0.341667
2 4 0.366211 0.533681 0.395703 0.510417
2 6 0.378125 0.357986 0.377344 0.339583
2 7 0.341602 0.429514 0.266797 0.177083
2 9 0.426953 0.155208 0.297656 0.310417
2 12 0.391211 0.731944 0.343359 0.381944
2 13 0.552734 0.826042 0.235937 0.346528
2 14 0.392969 0.650347 0.276562 0.368750
2 15 0.743945 0.598958 0.145703 0.193750
2 16 0.341406 0.195139 0.337500 0.170833
2 19 0.046484 0.275694 0.092969 0.090278
2 22 0.777930 0.362153 0.097266 0.138194
2 24 0.871875 0.453125 0.069531 0.195139