2 1 0.422266 0.617361 0.628906 0.609722
2 2 0.524219 0.290278 0.412500 0.365278
2 3 0.593750 0.167708 0.483594 0.335417
2 4 0.502930 0.484375 0.376172 0.340972
2 6 0.550195 0.323264 0.344922 0.381250
2 9 0.701562 0.248611 0.361719 0.355556
2 10 0.695703 0.114931 0.425000 0.229861
2 12 0.388672 0.479861 0.383594 0.537500
2 13 0.421094 0.870486 0.334375 0.257639
2 14 0.445898 0.602778 0.318359 0.193056
2 15 0.506641 0.901389 0.170313 0.195833
2 16 0.604688 0.209722 0.240625 0.284722
2 17 0.115234 0.906944 0.228906 0.184722