2 1 0.426172 0.618056 0.621094 0.611111
2 2 0.530078 0.294792 0.408594 0.365972
2 3 0.599609 0.170833 0.482812 0.341667
2 4 0.508398 0.486458 0.373828 0.340972
2 6 0.554883 0.327083 0.341797 0.381944
2 9 0.703125 0.253125 0.370312 0.356250
2 10 0.701172 0.119792 0.425000 0.238194
2 12 0.393750 0.481944 0.378125 0.548611
2 13 0.419727 0.867014 0.326172 0.264583
2 14 0.448047 0.602431 0.317188 0.197917
2 15 0.504102 0.897917 0.172266 0.202778
2 16 0.609961 0.208333 0.242578 0.294444
2 17 0.116016 0.893056 0.230469 0.212500