2 1 0.490039 0.553125 0.282422 0.889583
2 2 0.319531 0.389931 0.338281 0.615972
2 3 0.242383 0.247222 0.335547 0.494444
2 4 0.371094 0.599306 0.243750 0.797222
2 6 0.335938 0.437500 0.292187 0.559722
2 7 0.330664 0.589236 0.216016 0.370139
2 8 0.225586 0.177083 0.237891 0.354167
2 9 0.322266 0.189931 0.207031 0.379861
2 12 0.448828 0.729167 0.226562 0.540278
2 13 0.581445 0.769444 0.148828 0.440278
2 14 0.402930 0.718403 0.174609 0.499306
2 15 0.713281 0.369097 0.084375 0.189583
2 16 0.244531 0.434028 0.232031 0.350000
2 19 0.071289 0.685764 0.142578 0.209028
2 22 0.651563 0.248264 0.060937 0.150694
2 24 0.735352 0.242014 0.038672 0.147917
2 25 0.751563 0.866319 0.144531 0.265972
2 26 0.041797 0.419792 0.083594 0.089583
2 27 0.946289 0.059028 0.106641 0.118056