2 1 0.430273 0.696528 0.534766 0.605556
2 2 0.377930 0.326736 0.426172 0.393750
2 3 0.359180 0.138889 0.488672 0.276389
2 4 0.364844 0.509375 0.426563 0.390972
2 6 0.384961 0.321875 0.387891 0.270139
2 7 0.344531 0.372917 0.274219 0.111111
2 9 0.455078 0.143403 0.330469 0.286806
2 12 0.378125 0.711806 0.384375 0.312500
2 13 0.537109 0.847917 0.254688 0.302778
2 14 0.382812 0.639583 0.291406 0.311111
2 15 0.726562 0.674306 0.157812 0.180556
2 16 0.344922 0.142014 0.311719 0.161806
2 19 0.039648 0.145833 0.079297 0.081944
2 22 0.796289 0.435764 0.101953 0.114583
2 24 0.884375 0.558681 0.077344 0.197917