2 1 0.460352 0.577431 0.366016 0.843750
2 2 0.341016 0.386111 0.344531 0.595833
2 3 0.247266 0.226389 0.383594 0.452778
2 4 0.360156 0.609722 0.321875 0.726389
2 6 0.341797 0.420833 0.336719 0.520833
2 7 0.320898 0.539931 0.248828 0.299306
2 8 0.275391 0.153125 0.325781 0.303472
2 9 0.327734 0.163194 0.267188 0.329167
2 12 0.413086 0.746875 0.280078 0.504861
2 13 0.565625 0.788889 0.189062 0.420833
2 14 0.388477 0.700694 0.224609 0.480556
2 15 0.732812 0.445833 0.103906 0.195833
2 16 0.253906 0.363194 0.241406 0.293056
2 19 0.054297 0.575347 0.108594 0.160417
2 22 0.696484 0.268056 0.076563 0.147222
2 24 0.782617 0.309028 0.049609 0.191667
2 25 0.725781 0.914236 0.134375 0.170139
2 26 0.027148 0.260764 0.054297 0.047917