2 1 0.450195 0.639931 0.466016 0.718750
2 2 0.374219 0.355208 0.379688 0.513194
2 3 0.300195 0.184028 0.408984 0.368056
2 4 0.365039 0.548611 0.379297 0.562500
2 6 0.374414 0.372569 0.369922 0.384028
2 7 0.342578 0.455208 0.258594 0.210417
2 8 0.346680 0.131250 0.321484 0.262500
2 9 0.403125 0.160069 0.289844 0.320139
2 12 0.392188 0.735069 0.336719 0.389583
2 13 0.558594 0.818056 0.228906 0.362500
2 14 0.394727 0.661458 0.267578 0.390972
2 15 0.749609 0.567361 0.138281 0.198611
2 16 0.331836 0.242361 0.342578 0.184722
2 19 0.048438 0.346181 0.096875 0.118750
2 22 0.767578 0.336111 0.093750 0.141667
2 24 0.861719 0.417708 0.063281 0.196528
2 25 0.710352 0.973958 0.058984 0.050694