2 1 0.452734 0.609028 0.418750 0.780556
2 2 0.371680 0.374653 0.345703 0.560417
2 3 0.274023 0.205208 0.391797 0.411806
2 4 0.360156 0.573611 0.357812 0.650000
2 6 0.365234 0.394792 0.352344 0.449306
2 7 0.334766 0.492014 0.266406 0.249306
2 8 0.309961 0.130556 0.301953 0.259722
2 9 0.370312 0.160764 0.276562 0.327083
2 12 0.409570 0.738542 0.330078 0.493750
2 13 0.564648 0.803819 0.215234 0.390972
2 14 0.392188 0.676736 0.251563 0.434028
2 15 0.748047 0.511111 0.125781 0.206944
2 16 0.283398 0.296528 0.262109 0.240278
2 19 0.052344 0.455208 0.104688 0.140972
2 22 0.742578 0.298958 0.084375 0.149306
2 24 0.830664 0.357986 0.058203 0.197917
2 25 0.728711 0.950694 0.080078 0.097222
2 26 0.030859 0.113889 0.061719 0.073611