2 1 0.408594 0.766319 0.621094 0.446528
2 2 0.405664 0.260069 0.467578 0.278472
2 3 0.416602 0.092361 0.518359 0.184722
2 4 0.373633 0.460069 0.506641 0.218750
2 6 0.420312 0.289236 0.403125 0.199306
2 7 0.379688 0.295139 0.267969 0.201389
2 9 0.520508 0.106597 0.362891 0.213194
2 12 0.358203 0.627778 0.471875 0.290278
2 13 0.511328 0.892014 0.303906 0.215972
2 14 0.391016 0.626736 0.321094 0.217361
2 15 0.708594 0.830208 0.200781 0.156250
2 16 0.422656 0.113542 0.274219 0.224306
2 22 0.862891 0.606250 0.117188 0.095833
2 24 0.943164 0.790972 0.101172 0.188889