2 1 0.395508 0.683681 0.706641 0.454861
2 2 0.464453 0.277431 0.466406 0.313194
2 3 0.509570 0.128472 0.524609 0.261111
2 4 0.438672 0.454861 0.453125 0.313889
2 6 0.488281 0.296875 0.385937 0.297917
2 7 0.448437 0.267014 0.235156 0.274306
2 9 0.614844 0.151042 0.389062 0.302083
2 10 0.603711 0.066667 0.408203 0.133333
2 12 0.336133 0.521875 0.445703 0.375694
2 13 0.487500 0.951042 0.360938 0.096528
2 14 0.419922 0.620833 0.333594 0.161111
2 15 0.641016 0.936806 0.214062 0.125000
2 16 0.534375 0.151042 0.228906 0.279861
2 22 0.950586 0.912847 0.098047 0.084028