2 1 0.411133 0.623958 0.648828 0.589583
2 2 0.511328 0.280208 0.424219 0.356250
2 3 0.578320 0.157639 0.494141 0.315278
2 4 0.489453 0.475347 0.386719 0.339583
2 6 0.536719 0.315278 0.354687 0.375000
2 9 0.690430 0.230208 0.355078 0.342361
2 10 0.679102 0.102083 0.426953 0.204167
2 12 0.374609 0.479514 0.401562 0.510417
2 13 0.423047 0.883333 0.350000 0.231944
2 14 0.438086 0.604167 0.321484 0.173611
2 15 0.516992 0.913194 0.161328 0.172222
2 16 0.585742 0.206597 0.241016 0.265972
2 17 0.112891 0.953125 0.219531 0.092361