2 1 0.415234 0.737500 0.578906 0.523611
2 2 0.385156 0.295833 0.450781 0.323611
2 3 0.384180 0.107292 0.501953 0.214583
2 4 0.359766 0.482986 0.474219 0.260417
2 6 0.397852 0.297569 0.394922 0.213194
2 7 0.356641 0.327431 0.275000 0.157639
2 9 0.486719 0.123611 0.336719 0.247222
2 12 0.370312 0.661458 0.422656 0.314583
2 13 0.519336 0.869444 0.280078 0.259722
2 14 0.379102 0.628819 0.307422 0.257639
2 15 0.712305 0.754514 0.176953 0.167361
2 16 0.385156 0.102778 0.275000 0.205556
2 19 0.039062 0.035764 0.078125 0.071528
2 22 0.818555 0.518750 0.111328 0.105556
2 24 0.905469 0.668750 0.096094 0.197222