2 1 0.524609 0.580903 0.174219 0.842361
2 2 0.373828 0.440972 0.242188 0.555556
2 3 0.298438 0.309375 0.283594 0.496528
2 4 0.406445 0.619097 0.219141 0.756250
2 6 0.371484 0.520833 0.233594 0.536111
2 7 0.386719 0.680903 0.198437 0.368750
2 8 0.272852 0.219097 0.209766 0.402083
2 9 0.342383 0.266667 0.190234 0.394444
2 12 0.509180 0.762153 0.143359 0.474306
2 13 0.622461 0.801736 0.116797 0.395139
2 14 0.430664 0.760764 0.151172 0.477083
2 15 0.722852 0.383333 0.065234 0.179167
2 16 0.301953 0.545139 0.199219 0.330556
2 19 0.113086 0.812500 0.226172 0.343056
2 22 0.640039 0.333681 0.046484 0.147917
2 24 0.714844 0.311111 0.025000 0.148611
2 25 0.789062 0.865972 0.138281 0.266667
2 26 0.092188 0.649653 0.184375 0.211806
2 27 0.908008 0.141319 0.135547 0.114583
2 32 0.715039 0.362153 0.026953 0.109028