2 1 0.410547 0.763889 0.612500 0.463889
2 2 0.401562 0.265972 0.464062 0.286111
2 3 0.410156 0.093056 0.517188 0.186111
2 4 0.369922 0.463542 0.502344 0.214583
2 6 0.414844 0.287500 0.403125 0.197222
2 7 0.373437 0.298611 0.267969 0.195833
2 9 0.513281 0.108333 0.357031 0.216667
2 12 0.355859 0.633681 0.457813 0.307639
2 13 0.510547 0.888889 0.298438 0.223611
2 14 0.387891 0.626389 0.318750 0.225000
2 15 0.707812 0.817708 0.195312 0.157639
2 16 0.417773 0.113542 0.277734 0.227083
2 22 0.852930 0.591667 0.117578 0.097222
2 24 0.937891 0.764931 0.105469 0.196528