2 1 0.398242 0.693750 0.705859 0.395833
2 2 0.450195 0.270139 0.473047 0.302778
2 3 0.491797 0.120833 0.522656 0.241667
2 4 0.429102 0.452431 0.462891 0.299306
2 6 0.475391 0.293403 0.395313 0.278472
2 7 0.439844 0.268750 0.235937 0.265278
2 9 0.593750 0.137500 0.394531 0.275000
2 10 0.582227 0.058681 0.401953 0.117361
2 12 0.334766 0.536806 0.454688 0.345833
2 13 0.495508 0.944792 0.357422 0.109028
2 14 0.416211 0.624653 0.330859 0.170139
2 15 0.676758 0.928819 0.240234 0.135417
2 16 0.507617 0.138889 0.248047 0.277778
2 22 0.939453 0.838542 0.120313 0.084028