2 1 0.404297 0.708333 0.691406 0.351389
2 2 0.439648 0.259722 0.476172 0.295833
2 3 0.475781 0.110069 0.521875 0.221528
2 4 0.415039 0.452778 0.482422 0.277778
2 6 0.461914 0.288542 0.400391 0.256250
2 7 0.417578 0.265972 0.271094 0.245833
2 9 0.573047 0.121528 0.392188 0.243056
2 10 0.562891 0.057292 0.392188 0.114583
2 12 0.340430 0.553125 0.462891 0.310417
2 13 0.499023 0.927083 0.335547 0.144444
2 14 0.414648 0.623958 0.326172 0.177083
2 15 0.696875 0.910764 0.244531 0.149306
2 16 0.491211 0.129861 0.248047 0.259722
2 22 0.932617 0.770139 0.133984 0.077778