2 1 0.395898 0.687500 0.708203 0.436111
2 2 0.458594 0.276389 0.468750 0.309722
2 3 0.503125 0.126042 0.523438 0.254861
2 4 0.436133 0.454167 0.455859 0.309722
2 6 0.483789 0.295833 0.389453 0.291667
2 7 0.448047 0.267708 0.234375 0.274306
2 9 0.606055 0.146875 0.391016 0.293750
2 10 0.596484 0.064236 0.407031 0.128472
2 12 0.334766 0.526736 0.448437 0.367361
2 13 0.492188 0.955556 0.366406 0.087500
2 14 0.418164 0.622222 0.333984 0.163889
2 15 0.654883 0.935417 0.224609 0.127778
2 16 0.517578 0.142708 0.250781 0.288194
2 22 0.946875 0.887847 0.105469 0.084028