2 1 0.396094 0.690972 0.709375 0.416667
2 2 0.453320 0.274306 0.471484 0.305556
2 3 0.497070 0.124653 0.522266 0.249306
2 4 0.433008 0.453472 0.458203 0.305556
2 6 0.479297 0.295139 0.392969 0.286111
2 7 0.447461 0.268403 0.233203 0.274306
2 9 0.600781 0.143056 0.394531 0.286111
2 10 0.588672 0.061458 0.405469 0.122917
2 12 0.333398 0.532639 0.451172 0.359722
2 13 0.493750 0.950347 0.361719 0.097917
2 14 0.416211 0.624653 0.333984 0.167361
2 15 0.668359 0.933681 0.235156 0.131250
2 16 0.524219 0.140625 0.225000 0.281250
2 22 0.943164 0.863542 0.112891 0.084028