2 1 0.520508 0.579514 0.185547 0.845139
2 2 0.356055 0.436806 0.269141 0.576389
2 3 0.288867 0.297917 0.295703 0.512500
2 4 0.394922 0.617014 0.228125 0.763194
2 6 0.364844 0.507986 0.239063 0.543750
2 7 0.379102 0.670139 0.201953 0.372222
2 8 0.263086 0.205208 0.219922 0.410417
2 9 0.342578 0.247569 0.186719 0.381250
2 12 0.502734 0.759722 0.149219 0.479167
2 13 0.614648 0.795833 0.118359 0.406944
2 14 0.425391 0.757639 0.150781 0.483333
2 15 0.717773 0.377431 0.068359 0.177083
2 16 0.289648 0.535069 0.201172 0.334028
2 19 0.107813 0.802778 0.215625 0.329167
2 22 0.638086 0.320833 0.048047 0.148611
2 24 0.713672 0.301736 0.025000 0.149306
2 25 0.782031 0.863542 0.137500 0.271528
2 26 0.085156 0.636458 0.170313 0.215972
2 27 0.910156 0.124653 0.138281 0.118750