2 1 0.396289 0.673611 0.702734 0.490278
2 2 0.473438 0.279861 0.460156 0.319444
2 3 0.523242 0.133681 0.521484 0.271528
2 4 0.445703 0.456597 0.444531 0.321528
2 6 0.497461 0.299306 0.380078 0.312500
2 7 0.458984 0.258681 0.222656 0.284028
2 9 0.628516 0.160417 0.389844 0.318056
2 10 0.620508 0.070833 0.409766 0.141667
2 12 0.340625 0.510764 0.439063 0.399306
2 13 0.476758 0.940625 0.351953 0.117361
2 14 0.423438 0.614931 0.332813 0.154861
2 15 0.619727 0.938194 0.210547 0.122222
2 16 0.538867 0.160069 0.244141 0.285417
2 22 0.955859 0.957986 0.088281 0.081250