2 1 0.408984 0.749653 0.660937 0.364583
2 2 0.421680 0.252778 0.476172 0.281944
2 3 0.446875 0.098264 0.525000 0.197917
2 4 0.394922 0.455556 0.497656 0.248611
2 6 0.441797 0.287500 0.402344 0.226389
2 7 0.397266 0.279861 0.273438 0.219444
2 9 0.547852 0.104861 0.379297 0.209722
2 10 0.523047 0.060417 0.363281 0.120833
2 12 0.345898 0.587847 0.461328 0.279861
2 13 0.508984 0.907639 0.322656 0.183333
2 14 0.404883 0.624306 0.325391 0.191667
2 15 0.708008 0.876042 0.222266 0.154861
2 16 0.462695 0.115278 0.249609 0.237500
2 22 0.903711 0.682639 0.135547 0.086111
2 24 0.962500 0.903472 0.075781 0.145833