2 1 0.427539 0.703125 0.542578 0.592361
2 2 0.378906 0.324306 0.429688 0.377778
2 3 0.363477 0.133681 0.489453 0.265972
2 4 0.363086 0.505208 0.435547 0.367361
2 6 0.386328 0.317361 0.389844 0.263889
2 7 0.344922 0.368750 0.274219 0.109722
2 9 0.456445 0.138194 0.337891 0.276389
2 12 0.376758 0.712153 0.392578 0.295139
2 13 0.535156 0.851736 0.260156 0.295139
2 14 0.381641 0.637500 0.293750 0.304167
2 15 0.724023 0.688889 0.161328 0.176389
2 16 0.349023 0.141667 0.310547 0.183333
2 19 0.038867 0.125000 0.077734 0.083333
2 22 0.799414 0.450000 0.103516 0.111111
2 24 0.886328 0.575694 0.078125 0.194444