2 1 0.475586 0.560069 0.317578 0.877083
2 2 0.320703 0.391667 0.353125 0.622222
2 3 0.237500 0.241667 0.365625 0.483333
2 4 0.361133 0.613889 0.271484 0.766667
2 6 0.331055 0.415972 0.318359 0.519444
2 7 0.318750 0.573958 0.228125 0.338194
2 8 0.252930 0.164236 0.296484 0.328472
2 9 0.321484 0.177431 0.222656 0.357639
2 12 0.428906 0.743056 0.246094 0.512500
2 13 0.570117 0.778819 0.158984 0.440972
2 14 0.391016 0.710069 0.196875 0.496528
2 15 0.720703 0.398611 0.095312 0.194444
2 16 0.236523 0.398264 0.246484 0.327083
2 19 0.059375 0.646875 0.118750 0.192361
2 22 0.665625 0.251736 0.061719 0.147917
2 24 0.751953 0.269792 0.041406 0.178472
2 25 0.736133 0.885764 0.147266 0.227083
2 26 0.029687 0.351389 0.059375 0.059722
2 27 0.967773 0.105903 0.063672 0.063194