2 1 0.409375 0.763542 0.642188 0.397917
2 2 0.413086 0.254514 0.473047 0.277083
2 3 0.430664 0.094792 0.524609 0.189583
2 4 0.384375 0.457292 0.501563 0.235417
2 6 0.430859 0.289931 0.402344 0.210417
2 7 0.388867 0.287153 0.271484 0.210417
2 9 0.534766 0.103125 0.371875 0.206250
2 12 0.350000 0.607292 0.463281 0.278472
2 13 0.510742 0.899306 0.313672 0.200000
2 14 0.398242 0.625000 0.323047 0.204167
2 15 0.709570 0.854861 0.211328 0.152778
2 16 0.448437 0.115972 0.249219 0.225000
2 22 0.884180 0.642014 0.128516 0.092361
2 24 0.953906 0.843750 0.092188 0.173611