2 1 0.408789 0.764583 0.631641 0.422222
2 2 0.409375 0.257639 0.470313 0.277778
2 3 0.423633 0.093403 0.521484 0.186806
2 4 0.379102 0.458681 0.504297 0.227083
2 6 0.425195 0.290625 0.402734 0.200694
2 7 0.385352 0.290278 0.267578 0.208333
2 9 0.527734 0.104861 0.368750 0.209722
2 12 0.354102 0.617708 0.467578 0.284028
2 13 0.511719 0.895139 0.309375 0.208333
2 14 0.394727 0.626042 0.322266 0.210417
2 15 0.709375 0.842708 0.206250 0.154861
2 16 0.430664 0.113542 0.271484 0.227083
2 22 0.873633 0.624306 0.123047 0.094444
2 24 0.948633 0.817708 0.096484 0.181250