2 1 0.409570 0.761806 0.652734 0.373611
2 2 0.416797 0.252083 0.475781 0.276389
2 3 0.437695 0.095833 0.527734 0.191667
2 4 0.389844 0.455903 0.499219 0.243750
2 6 0.436133 0.289236 0.401953 0.220139
2 7 0.391992 0.282986 0.275391 0.211806
2 9 0.541406 0.101389 0.375000 0.202778
2 12 0.345898 0.597222 0.458984 0.272222
2 13 0.509961 0.903472 0.318359 0.191667
2 14 0.401953 0.624306 0.324219 0.197222
2 15 0.710352 0.867361 0.216797 0.151389
2 16 0.455859 0.114931 0.247656 0.229861
2 22 0.893750 0.662500 0.132031 0.088889
2 24 0.958008 0.873611 0.083984 0.159722