2 1 0.430078 0.618056 0.613281 0.612500
2 2 0.535352 0.300347 0.404297 0.367361
2 3 0.605273 0.174306 0.481641 0.348611
2 4 0.513867 0.488889 0.371484 0.341667
2 6 0.559766 0.330556 0.339062 0.383333
2 9 0.704492 0.257986 0.379297 0.357639
2 10 0.706445 0.123958 0.424609 0.246528
2 12 0.398633 0.484722 0.372266 0.559722
2 13 0.418750 0.863542 0.317969 0.271528
2 14 0.450391 0.602083 0.316406 0.202778
2 15 0.501758 0.894792 0.174609 0.209028
2 16 0.613867 0.229861 0.238672 0.256944
2 17 0.116211 0.878819 0.231641 0.240972