2 1 0.512695 0.574653 0.205078 0.852083
2 2 0.340820 0.415972 0.292578 0.573611
2 3 0.275391 0.278125 0.307812 0.529861
2 4 0.381836 0.608681 0.237891 0.778472
2 6 0.355078 0.487500 0.247656 0.550000
2 7 0.368359 0.653472 0.206250 0.375000
2 8 0.254492 0.213542 0.216016 0.427083
2 9 0.341211 0.226042 0.182422 0.407639
2 12 0.491602 0.744792 0.161328 0.509028
2 13 0.604492 0.789236 0.121484 0.420139
2 14 0.419531 0.754167 0.147656 0.490278
2 15 0.714063 0.366319 0.073438 0.184028
2 16 0.272070 0.518056 0.197266 0.336111
2 19 0.099219 0.786806 0.198437 0.300000
2 22 0.635742 0.300000 0.050391 0.148611
2 24 0.713672 0.284722 0.027344 0.143056
2 25 0.774609 0.860764 0.137500 0.277083
2 26 0.075391 0.612153 0.150781 0.214583
2 27 0.912500 0.098958 0.135937 0.122917