2 1 0.452539 0.604167 0.410547 0.790278
2 2 0.365625 0.376042 0.348438 0.565972
2 3 0.270508 0.207639 0.391016 0.415278
2 4 0.359766 0.580208 0.353906 0.660417
2 6 0.365234 0.397222 0.343750 0.461111
2 7 0.333398 0.499653 0.261328 0.253472
2 8 0.309375 0.135069 0.308594 0.268750
2 9 0.366211 0.161458 0.271484 0.324306
2 12 0.410156 0.742361 0.322656 0.495833
2 13 0.565430 0.801736 0.212891 0.395139
2 14 0.391602 0.680556 0.248828 0.443056
2 15 0.744922 0.502431 0.121875 0.207639
2 16 0.278516 0.305903 0.259375 0.247917
2 19 0.052539 0.470486 0.105078 0.140972
2 22 0.736719 0.294444 0.084375 0.148611
2 24 0.823242 0.349306 0.059766 0.201389
2 25 0.731055 0.946875 0.082422 0.104861
2 26 0.029883 0.136806 0.059766 0.062500