2 1 0.496094 0.556250 0.264062 0.884722
2 2 0.322070 0.386111 0.325391 0.601389
2 3 0.250000 0.256597 0.328125 0.513194
2 4 0.374609 0.594097 0.243750 0.813194
2 6 0.340430 0.447569 0.277734 0.560417
2 7 0.339844 0.600694 0.210156 0.381944
2 8 0.238672 0.177778 0.260156 0.355556
2 9 0.323633 0.187500 0.192578 0.372222
2 12 0.461133 0.718056 0.197266 0.562500
2 13 0.587891 0.768403 0.142187 0.440972
2 14 0.408008 0.722917 0.164453 0.494444
2 15 0.712305 0.356597 0.080078 0.186806
2 16 0.251758 0.451389 0.225391 0.356944
2 19 0.078711 0.713542 0.157422 0.227083
2 22 0.644727 0.250347 0.057422 0.152083
2 24 0.723047 0.237500 0.033594 0.141667
2 25 0.758398 0.858681 0.143359 0.281250
2 26 0.051367 0.467361 0.102734 0.111111
2 27 0.940625 0.054514 0.117969 0.109028