2 1 0.511914 0.572222 0.208984 0.854167
2 2 0.337695 0.413194 0.295703 0.579167
2 3 0.272656 0.274306 0.313281 0.531944
2 4 0.380469 0.606944 0.240625 0.786111
2 6 0.352539 0.481944 0.251172 0.550000
2 7 0.364844 0.648611 0.207813 0.376389
2 8 0.249609 0.210417 0.214844 0.420833
2 9 0.339453 0.218750 0.182031 0.419444
2 12 0.488086 0.739236 0.162891 0.520139
2 13 0.601562 0.787153 0.122656 0.424306
2 14 0.417773 0.752083 0.148828 0.491667
2 15 0.713672 0.362153 0.075000 0.188194
2 16 0.266602 0.512847 0.194922 0.336806
2 19 0.096094 0.780903 0.192188 0.286806
2 22 0.634961 0.292361 0.051172 0.148611
2 24 0.712695 0.277431 0.026953 0.146528
2 25 0.772266 0.859722 0.137500 0.279167
2 26 0.072461 0.600694 0.144922 0.208333
2 27 0.914258 0.092708 0.133984 0.125694