2 1 0.494336 0.607639 0.126172 0.783333
2 2 0.389258 0.500694 0.202734 0.347222
2 3 0.328320 0.410764 0.227734 0.309028
2 4 0.381250 0.657639 0.253125 0.683333
2 6 0.393359 0.552431 0.213281 0.460417
2 7 0.424023 0.788194 0.163672 0.330556
2 8 0.299219 0.355903 0.174219 0.288194
2 12 0.534961 0.832986 0.085547 0.332639
2 13 0.635547 0.865972 0.053125 0.266667
2 14 0.461719 0.815972 0.090625 0.366667
2 15 0.703125 0.467708 0.045312 0.140972
2 16 0.343555 0.700000 0.115234 0.245833
2 18 0.881250 0.315972 0.117969 0.072222
2 19 0.212500 0.799306 0.154688 0.397222
2 22 0.609180 0.511458 0.044141 0.142361
2 24 0.674023 0.481250 0.027734 0.123611
2 25 0.738867 0.908681 0.095703 0.181250
2 26 0.126562 0.814931 0.253125 0.202083
2 27 0.805273 0.395139 0.130859 0.086111
2 28 0.886523 0.346528 0.144922 0.101389
2 29 0.835352 0.424306 0.144922 0.118056
2 30 0.884570 0.418056 0.165234 0.138889
2 32 0.668945 0.525000 0.035547 0.130556