2 1 0.408398 0.571181 0.211328 0.856250
2 3 0.288672 0.429167 0.182031 0.366667
2 4 0.325586 0.643750 0.249609 0.718056
2 6 0.323828 0.562847 0.193750 0.495139
2 8 0.241797 0.388889 0.166406 0.265278
2 12 0.473438 0.861458 0.074219 0.275694
2 13 0.559375 0.894097 0.044531 0.210417
2 14 0.380664 0.814931 0.094922 0.368750
2 15 0.612305 0.484722 0.041016 0.144444
2 16 0.293164 0.677083 0.126172 0.319444
2 18 0.732422 0.456250 0.100000 0.068056
2 19 0.145508 0.781944 0.202734 0.431944
2 22 0.529102 0.589583 0.046484 0.116667
2 24 0.582227 0.572569 0.030859 0.118750
2 25 0.637305 0.925694 0.075391 0.147222
2 26 0.114844 0.897222 0.229687 0.204167
2 27 0.676562 0.528819 0.104688 0.081250
2 28 0.719727 0.521528 0.125391 0.069444
2 29 0.691992 0.576042 0.120703 0.082639
2 30 0.738477 0.578472 0.139453 0.116667
2 31 0.910547 0.934722 0.140625 0.129167
2 32 0.587109 0.600694 0.034375 0.130556