2 1 0.414648 0.507639 0.197266 0.763889
2 3 0.340039 0.451389 0.162109 0.233333
2 4 0.393750 0.631250 0.222656 0.713889
2 8 0.293164 0.413889 0.144141 0.251389
2 12 0.516602 0.887500 0.060547 0.223611
2 13 0.589063 0.924306 0.047656 0.150000
2 14 0.415234 0.835764 0.086719 0.327083
2 15 0.628516 0.516667 0.062500 0.127778
2 16 0.344727 0.674306 0.105078 0.319444
2 18 0.748047 0.550000 0.105469 0.069444
2 19 0.187305 0.746875 0.155078 0.504861
2 22 0.557813 0.655208 0.045312 0.114583
2 24 0.609766 0.635069 0.030469 0.114583
2 25 0.671289 0.952083 0.048047 0.094444
2 26 0.192188 0.908333 0.199219 0.181944
2 27 0.680273 0.626389 0.104297 0.066667
2 28 0.731445 0.634028 0.128516 0.068056
2 29 0.699805 0.676389 0.126953 0.077778
2 30 0.750977 0.700694 0.148828 0.091667
2 31 0.902539 0.975694 0.058984 0.047222
2 32 0.616406 0.671181 0.034375 0.135417