2 1 0.483398 0.611111 0.133203 0.769444
2 2 0.384766 0.519444 0.194531 0.334722
2 3 0.319531 0.420833 0.222656 0.293056
2 4 0.365039 0.676389 0.240234 0.645833
2 6 0.384375 0.575694 0.205469 0.459722
2 7 0.414258 0.810069 0.156641 0.329861
2 8 0.294141 0.384028 0.167969 0.297222
2 12 0.531445 0.840625 0.080859 0.317361
2 13 0.629102 0.873264 0.051953 0.252083
2 14 0.453320 0.821528 0.083984 0.355556
2 15 0.693164 0.470139 0.043359 0.143056
2 18 0.858594 0.333681 0.121875 0.077083
2 19 0.216211 0.804167 0.149609 0.393056
2 22 0.600195 0.527431 0.042578 0.135417
2 24 0.661719 0.494792 0.026562 0.118750
2 25 0.729883 0.913194 0.091016 0.172222
2 26 0.125586 0.854167 0.251172 0.213889
2 27 0.787500 0.404167 0.130469 0.115278
2 28 0.855664 0.374653 0.144141 0.100694
2 29 0.816406 0.445486 0.145313 0.110417
2 30 0.858594 0.440625 0.143750 0.132639
2 32 0.658594 0.538542 0.032031 0.136806