2 1 0.415234 0.517361 0.193750 0.751389
2 3 0.361914 0.481597 0.172266 0.218750
2 4 0.405273 0.650347 0.218359 0.699306
2 8 0.307031 0.431250 0.132812 0.259722
2 12 0.525195 0.908681 0.056641 0.181250
2 13 0.595703 0.946875 0.045312 0.104861
2 14 0.425781 0.850347 0.076563 0.297917
2 15 0.627734 0.551042 0.075000 0.122917
2 16 0.356055 0.704514 0.108203 0.292361
2 18 0.750586 0.597917 0.101953 0.055556
2 19 0.194531 0.751389 0.157812 0.495833
2 21 0.379102 0.675347 0.167578 0.349306
2 22 0.562891 0.696528 0.043750 0.120833
2 24 0.615625 0.676736 0.032813 0.113194
2 26 0.214844 0.925000 0.176563 0.148611
2 27 0.682813 0.676389 0.100781 0.063889
2 28 0.732422 0.692708 0.133594 0.075694
2 29 0.701758 0.728819 0.126172 0.079861
2 30 0.755859 0.760069 0.153906 0.084028
2 32 0.623047 0.717361 0.035156 0.134722