2 1 0.504297 0.606250 0.125000 0.786111
2 2 0.400000 0.490278 0.224219 0.376389
2 3 0.335352 0.405208 0.227734 0.340972
2 4 0.387109 0.654861 0.241406 0.688889
2 6 0.398828 0.539583 0.223438 0.470833
2 7 0.426563 0.775347 0.168750 0.329861
2 8 0.303906 0.346875 0.178906 0.304861
2 9 0.361133 0.378819 0.159766 0.268750
2 12 0.511914 0.827431 0.139453 0.343750
2 13 0.639453 0.860764 0.056250 0.277083
2 14 0.467187 0.807986 0.095312 0.382639
2 15 0.708203 0.462153 0.046875 0.145139
2 16 0.339258 0.685764 0.126953 0.235417
2 18 0.900391 0.296528 0.130469 0.068056
2 19 0.208203 0.798611 0.160938 0.401389
2 22 0.615625 0.494792 0.042969 0.139583
2 24 0.684766 0.472569 0.034375 0.114583
2 25 0.747070 0.904514 0.102734 0.189583
2 26 0.125977 0.790278 0.251953 0.202778
2 27 0.820898 0.380208 0.137109 0.084028
2 28 0.903125 0.323264 0.147656 0.110417
2 29 0.850586 0.399306 0.154297 0.122222
2 30 0.901758 0.396528 0.166016 0.138889
2 32 0.677539 0.511806 0.034766 0.134722