2 1 0.407813 0.562847 0.211719 0.849306
2 3 0.291211 0.427778 0.180078 0.358333
2 4 0.327930 0.641319 0.248828 0.721528
2 6 0.328320 0.560764 0.192578 0.490972
2 8 0.244336 0.388194 0.166016 0.269444
2 12 0.474609 0.861458 0.074219 0.275694
2 13 0.559375 0.894097 0.044531 0.210417
2 14 0.380664 0.814583 0.094922 0.369444
2 15 0.613867 0.484028 0.041797 0.147222
2 16 0.294336 0.672222 0.119141 0.312500
2 18 0.732422 0.458681 0.099219 0.068750
2 19 0.148633 0.779167 0.198828 0.437500
2 22 0.530078 0.589931 0.044531 0.114583
2 24 0.583398 0.574653 0.029297 0.118750
2 25 0.637109 0.925694 0.075000 0.147222
2 26 0.116211 0.895139 0.232422 0.208333
2 27 0.676562 0.532292 0.107031 0.078472
2 28 0.720117 0.525694 0.126953 0.066667
2 29 0.692383 0.579514 0.122266 0.081250
2 30 0.738281 0.584028 0.141406 0.113889
2 31 0.911133 0.936111 0.140234 0.126389
2 32 0.588086 0.601042 0.034766 0.131250