2 1 0.399609 0.525694 0.209375 0.684722
2 3 0.385937 0.531944 0.157031 0.187500
2 4 0.423438 0.667014 0.212500 0.661806
2 5 0.720313 0.057639 0.092969 0.115278
2 7 0.446875 0.878819 0.045312 0.240972
2 8 0.330469 0.500694 0.119531 0.216667
2 12 0.539844 0.945486 0.052344 0.107639
2 14 0.446484 0.876042 0.061719 0.246528
2 15 0.631836 0.614931 0.098828 0.107639
2 16 0.372852 0.744097 0.117578 0.267361
2 18 0.753711 0.680903 0.108984 0.063194
2 19 0.227930 0.775000 0.145703 0.448611
2 21 0.400000 0.740278 0.158594 0.348611
2 22 0.573242 0.778472 0.048828 0.131944
2 24 0.629492 0.753472 0.029297 0.118056
2 26 0.263672 0.957292 0.142969 0.084028
2 27 0.693750 0.766319 0.107813 0.075694
2 28 0.724805 0.794097 0.154297 0.079861
2 29 0.704883 0.822569 0.130859 0.081250
2 30 0.759570 0.862153 0.162891 0.092361
2 32 0.640430 0.803125 0.037109 0.129861