2 1 0.412891 0.503125 0.200000 0.759028
2 3 0.336523 0.444792 0.168359 0.227083
2 4 0.388477 0.621181 0.224609 0.711806
2 8 0.292969 0.403472 0.156250 0.256944
2 12 0.512305 0.879514 0.063672 0.239583
2 13 0.586523 0.918056 0.046484 0.162500
2 14 0.406445 0.829861 0.098828 0.338889
2 15 0.627539 0.505903 0.058984 0.128472
2 16 0.343359 0.666319 0.114062 0.310417
2 18 0.747070 0.529167 0.112891 0.073611
2 19 0.183594 0.742014 0.165625 0.499306
2 22 0.555664 0.642361 0.044922 0.113889
2 24 0.606641 0.622569 0.029687 0.115972
2 25 0.668555 0.947222 0.055078 0.105556
2 26 0.182422 0.902778 0.210156 0.193056
2 27 0.682422 0.609375 0.114844 0.065972
2 28 0.731055 0.614931 0.129297 0.065972
2 29 0.698828 0.657292 0.125781 0.074306
2 30 0.749609 0.680556 0.146094 0.093056
2 31 0.905859 0.967708 0.074219 0.063194
2 32 0.613867 0.658333 0.033984 0.133333