2 1 0.537891 0.574653 0.104688 0.849306
2 2 0.406641 0.456597 0.204687 0.479861
2 3 0.334766 0.333681 0.233594 0.429861
2 4 0.440625 0.626389 0.168750 0.730556
2 6 0.387109 0.537500 0.181250 0.500000
2 7 0.419727 0.695139 0.183984 0.354167
2 8 0.295703 0.252431 0.196875 0.350694
2 9 0.375391 0.295139 0.146875 0.337500
2 12 0.529102 0.769097 0.144922 0.460417
2 13 0.641992 0.810417 0.109766 0.377778
2 14 0.450977 0.759028 0.144922 0.480556
2 15 0.733398 0.386111 0.058203 0.168056
2 16 0.328711 0.575694 0.156641 0.297222
2 19 0.135547 0.806597 0.271094 0.385417
2 22 0.644531 0.370833 0.046875 0.144444
2 24 0.720508 0.357986 0.028516 0.131250
2 25 0.804883 0.863889 0.141016 0.270833
2 26 0.116992 0.675694 0.233984 0.200000
2 27 0.886914 0.202778 0.126172 0.098611
2 32 0.718359 0.392361 0.028906 0.131944