2 1 0.537891 0.578472 0.098437 0.847222
2 2 0.409180 0.458333 0.205859 0.456944
2 3 0.345508 0.351736 0.220703 0.425694
2 4 0.444531 0.629514 0.166406 0.710417
2 6 0.407031 0.505556 0.207031 0.530556
2 7 0.425000 0.700694 0.179688 0.344444
2 8 0.303516 0.272917 0.190625 0.352778
2 9 0.386133 0.310069 0.137891 0.336806
2 12 0.535352 0.774653 0.137891 0.449306
2 13 0.645312 0.814236 0.107813 0.370139
2 14 0.453906 0.762847 0.135156 0.472917
2 15 0.734180 0.394792 0.062109 0.159028
2 16 0.337891 0.588542 0.154688 0.293750
2 19 0.140430 0.803125 0.280859 0.392361
2 22 0.644922 0.385069 0.045312 0.147917
2 24 0.717187 0.372222 0.025781 0.136111
2 25 0.804297 0.868403 0.136719 0.263194
2 26 0.122461 0.691667 0.244922 0.200000
2 27 0.879687 0.216319 0.115625 0.106250
2 32 0.718945 0.401389 0.031641 0.141667