2 1 0.415234 0.518750 0.193750 0.748611
2 3 0.368359 0.484028 0.178125 0.209722
2 4 0.407617 0.652431 0.217578 0.697917
2 8 0.309961 0.436458 0.133203 0.254861
2 12 0.526953 0.913194 0.058594 0.172222
2 13 0.597461 0.951389 0.043359 0.095833
2 14 0.427539 0.852778 0.074609 0.293056
2 15 0.628516 0.558681 0.079687 0.122917
2 16 0.357031 0.709028 0.106250 0.288889
2 18 0.751172 0.607292 0.103125 0.052083
2 19 0.196289 0.753472 0.155859 0.491667
2 21 0.381250 0.678819 0.167187 0.352083
2 22 0.564258 0.705556 0.044922 0.120833
2 24 0.616797 0.684722 0.032813 0.112500
2 26 0.218359 0.927778 0.174219 0.143056
2 27 0.683203 0.686111 0.100781 0.065278
2 28 0.732617 0.704514 0.133984 0.074306
2 29 0.701953 0.738889 0.128125 0.079167
2 30 0.756055 0.771181 0.154297 0.085417
2 32 0.624414 0.727778 0.035547 0.129167