2 1 0.480469 0.611806 0.135156 0.769444
2 2 0.382422 0.525347 0.192969 0.338194
2 3 0.317773 0.423611 0.223047 0.290278
2 4 0.361523 0.678819 0.234766 0.640972
2 6 0.380859 0.578819 0.200781 0.463194
2 7 0.409766 0.816667 0.155469 0.327778
2 8 0.289062 0.392361 0.167969 0.302778
2 12 0.528906 0.842708 0.080469 0.313194
2 13 0.627148 0.875347 0.051172 0.247917
2 14 0.450000 0.822569 0.081250 0.353472
2 15 0.689453 0.472222 0.043750 0.144444
2 18 0.851562 0.339583 0.118750 0.077778
2 19 0.214648 0.807292 0.149609 0.388194
2 22 0.597656 0.531250 0.042188 0.133333
2 24 0.658789 0.498958 0.027734 0.117361
2 25 0.726953 0.914236 0.090625 0.171528
2 26 0.127539 0.864931 0.255078 0.218750
2 27 0.780469 0.410764 0.125781 0.114583
2 28 0.849609 0.380556 0.142969 0.102778
2 29 0.811328 0.451736 0.145313 0.107639
2 30 0.853906 0.443750 0.146875 0.133333
2 31 0.989258 0.933681 0.020703 0.131250
2 32 0.655859 0.541667 0.032813 0.134722