2 1 0.524805 0.580903 0.163672 0.842361
2 2 0.387500 0.454167 0.225000 0.536111
2 3 0.308008 0.320486 0.270703 0.475694
2 4 0.419336 0.623611 0.204297 0.748611
2 6 0.381445 0.534722 0.224609 0.522222
2 7 0.397461 0.692708 0.191016 0.367361
2 8 0.283984 0.241319 0.197656 0.395139
2 9 0.344922 0.278472 0.195312 0.368056
2 12 0.519336 0.762500 0.138672 0.473611
2 13 0.630469 0.806597 0.115625 0.385417
2 14 0.438086 0.762847 0.147266 0.472917
2 15 0.728320 0.389583 0.065234 0.170833
2 16 0.312500 0.555208 0.187500 0.328472
2 19 0.120508 0.820833 0.241016 0.356944
2 22 0.642969 0.347917 0.050000 0.141667
2 24 0.718555 0.325694 0.027734 0.141667
2 25 0.796094 0.868403 0.138281 0.261806
2 26 0.101367 0.664931 0.202734 0.209028
2 27 0.902148 0.159375 0.130859 0.111806
2 32 0.719727 0.372569 0.023828 0.129861