2 1 0.408203 0.524306 0.200781 0.804167
2 3 0.308398 0.409375 0.166016 0.342361
2 4 0.353906 0.633333 0.240625 0.734722
2 6 0.350586 0.553125 0.179297 0.496528
2 8 0.268750 0.385417 0.161719 0.248611
2 12 0.491797 0.868056 0.069531 0.262500
2 13 0.571875 0.903819 0.045312 0.190972
2 14 0.393750 0.819444 0.094531 0.359722
2 15 0.619336 0.488889 0.048047 0.138889
2 16 0.309766 0.653819 0.117188 0.296528
2 18 0.738477 0.487847 0.100391 0.063194
2 19 0.167383 0.764931 0.173828 0.468750
2 22 0.541211 0.608333 0.044922 0.115278
2 24 0.594727 0.593750 0.029297 0.116667
2 25 0.651367 0.934722 0.066016 0.130556
2 26 0.138672 0.895139 0.236719 0.208333
2 27 0.681836 0.564583 0.116797 0.070833
2 28 0.727344 0.558681 0.128125 0.060417
2 29 0.698438 0.613542 0.123438 0.078472
2 30 0.744922 0.625694 0.144531 0.106944
2 31 0.900195 0.950347 0.091016 0.097917
2 32 0.600000 0.625347 0.034375 0.129861