2 1 0.416016 0.586806 0.210938 0.825000
2 3 0.275000 0.454861 0.182812 0.348611
2 4 0.327930 0.653472 0.237891 0.688889
2 6 0.318555 0.571875 0.185547 0.527083
2 7 0.356836 0.838889 0.121484 0.320833
2 8 0.231445 0.413889 0.167578 0.286111
2 12 0.475586 0.862153 0.076172 0.274306
2 13 0.563867 0.892708 0.045703 0.213194
2 14 0.381445 0.828819 0.094922 0.340972
2 15 0.616211 0.492014 0.039453 0.145139
2 16 0.288867 0.693750 0.124609 0.337500
2 18 0.739258 0.434375 0.096484 0.065972
2 19 0.142969 0.797569 0.219531 0.396528
2 22 0.530859 0.583681 0.041406 0.113194
2 24 0.588281 0.555903 0.026562 0.117361
2 25 0.644336 0.924306 0.074609 0.150000
2 26 0.110156 0.901736 0.220312 0.195139
2 27 0.682813 0.506250 0.118750 0.084722
2 28 0.729688 0.494097 0.126562 0.081250
2 29 0.700977 0.553125 0.119922 0.084028
2 30 0.746289 0.547569 0.142578 0.121528
2 31 0.924805 0.929514 0.146484 0.139583
2 32 0.590039 0.598264 0.033984 0.125694