2 1 0.537695 0.577431 0.100391 0.847917
2 2 0.408594 0.455903 0.204687 0.463194
2 3 0.342773 0.344444 0.223047 0.427778
2 4 0.444336 0.622222 0.164453 0.709722
2 6 0.400391 0.516319 0.198437 0.520139
2 7 0.423828 0.697917 0.181250 0.348611
2 8 0.301758 0.264236 0.193359 0.353472
2 9 0.383984 0.304167 0.140625 0.337500
2 12 0.532422 0.771528 0.142969 0.455556
2 13 0.644141 0.812153 0.109375 0.374306
2 14 0.452344 0.760417 0.139844 0.477778
2 15 0.733594 0.391319 0.060937 0.161806
2 16 0.333984 0.581944 0.153125 0.293056
2 19 0.138867 0.804167 0.277734 0.390278
2 22 0.644531 0.378819 0.045312 0.146528
2 24 0.718359 0.367361 0.026562 0.134722
2 25 0.804688 0.866319 0.138281 0.265972
2 26 0.120703 0.686111 0.241406 0.200000
2 27 0.882227 0.211458 0.119141 0.103472
2 32 0.718945 0.396528 0.030859 0.140278