2 1 0.519531 0.600694 0.108594 0.797222
2 2 0.406055 0.480556 0.230078 0.391667
2 3 0.345703 0.403819 0.214062 0.378472
2 4 0.413281 0.644444 0.223438 0.709722
2 6 0.410352 0.534028 0.231641 0.488889
2 7 0.428320 0.757986 0.181641 0.334028
2 8 0.308984 0.326736 0.179688 0.306250
2 9 0.375586 0.371875 0.142578 0.293750
2 12 0.531055 0.814931 0.119141 0.368750
2 13 0.637695 0.850000 0.082422 0.300000
2 14 0.466016 0.797569 0.110156 0.403472
2 15 0.716016 0.443403 0.042188 0.157639
2 16 0.342383 0.660417 0.138672 0.247222
2 18 0.925977 0.247222 0.135547 0.088889
2 19 0.199023 0.800000 0.178516 0.398611
2 22 0.625586 0.468403 0.048828 0.145139
2 24 0.690820 0.448958 0.029297 0.125694
2 25 0.764648 0.895486 0.111328 0.207639
2 26 0.124805 0.759375 0.249609 0.200694
2 27 0.837305 0.339931 0.126953 0.096528
2 28 0.925781 0.280556 0.147656 0.104167
2 29 0.880273 0.352083 0.161328 0.130556
2 30 0.921484 0.353819 0.156250 0.131250
2 32 0.691992 0.482292 0.037891 0.139583