2 1 0.538672 0.585764 0.100000 0.827083
2 2 0.410938 0.474306 0.215625 0.441667
2 3 0.353125 0.379514 0.212500 0.410417
2 4 0.442578 0.643403 0.179688 0.711806
2 6 0.410352 0.515625 0.205859 0.511806
2 7 0.433984 0.712153 0.178906 0.324306
2 8 0.309570 0.306250 0.187109 0.345833
2 9 0.387500 0.339583 0.139063 0.320833
2 12 0.548242 0.788889 0.112891 0.420833
2 13 0.646680 0.827778 0.106641 0.343056
2 14 0.461133 0.773611 0.117578 0.451389
2 15 0.734180 0.410417 0.054297 0.163889
2 16 0.341602 0.621528 0.143359 0.263889
2 19 0.184766 0.802778 0.207813 0.393056
2 22 0.643750 0.410417 0.047656 0.143056
2 24 0.716406 0.397917 0.028906 0.133333
2 25 0.797852 0.876389 0.130078 0.245833
2 26 0.126367 0.718056 0.252734 0.206944
2 27 0.871875 0.260417 0.122656 0.094444
2 29 0.916211 0.262847 0.166797 0.127083
2 32 0.715234 0.429167 0.036719 0.130556