2 1 0.491406 0.608333 0.125000 0.781944
2 2 0.388672 0.505208 0.200781 0.342361
2 3 0.325977 0.412847 0.226172 0.304861
2 4 0.376953 0.663194 0.250781 0.672222
2 6 0.391211 0.558681 0.212109 0.459028
2 7 0.419531 0.792014 0.164062 0.331250
2 8 0.299609 0.359722 0.167969 0.283333
2 12 0.534766 0.834722 0.084375 0.329167
2 13 0.634375 0.867708 0.053125 0.263194
2 14 0.459961 0.817361 0.089453 0.363889
2 15 0.701367 0.468750 0.044922 0.140278
2 16 0.339062 0.703472 0.104688 0.261111
2 18 0.877539 0.317014 0.112109 0.074306
2 19 0.213477 0.800347 0.153516 0.395139
2 22 0.607422 0.514931 0.043750 0.140972
2 24 0.670898 0.484028 0.026953 0.122222
2 25 0.736719 0.909722 0.094531 0.179167
2 26 0.124219 0.823958 0.248438 0.203472
2 27 0.800000 0.399653 0.128125 0.086806
2 28 0.877148 0.354167 0.145703 0.098611
2 29 0.830859 0.428472 0.145313 0.116667
2 30 0.877344 0.424306 0.157031 0.136111
2 32 0.666211 0.528472 0.036328 0.129167