2 1 0.532422 0.594444 0.112500 0.809722
2 2 0.407813 0.481250 0.219531 0.412500
2 3 0.352148 0.397222 0.208984 0.398611
2 4 0.431641 0.651736 0.204687 0.695139
2 6 0.413086 0.526042 0.222266 0.488194
2 7 0.433008 0.739236 0.181641 0.339583
2 8 0.307227 0.316319 0.191016 0.318750
2 9 0.384375 0.356944 0.146094 0.308333
2 12 0.549023 0.801736 0.095703 0.395139
2 13 0.642969 0.837500 0.096875 0.323611
2 14 0.466797 0.786111 0.110937 0.426389
2 15 0.728711 0.423958 0.044922 0.167361
2 16 0.344336 0.650000 0.137891 0.240278
2 19 0.191992 0.803125 0.191797 0.392361
2 22 0.636719 0.440625 0.046875 0.140972
2 24 0.705078 0.420139 0.031250 0.145833
2 25 0.782031 0.886458 0.122656 0.225694
2 26 0.126953 0.738542 0.253906 0.209028
2 27 0.855469 0.302083 0.122656 0.101389
2 29 0.905859 0.303819 0.173437 0.140972
2 30 0.934375 0.326736 0.130469 0.113194
2 32 0.702539 0.452778 0.036328 0.136111