2 1 0.443359 0.611458 0.185938 0.775694
2 3 0.287305 0.463542 0.200391 0.315972
2 4 0.362109 0.681597 0.203906 0.636806
2 6 0.341992 0.606250 0.186328 0.495833
2 7 0.372070 0.845486 0.130859 0.309028
2 8 0.250977 0.426736 0.168359 0.284028
2 12 0.497070 0.861111 0.078516 0.276389
2 13 0.591016 0.892361 0.047656 0.213889
2 14 0.408984 0.838542 0.076563 0.321528
2 15 0.642578 0.491319 0.041406 0.154861
2 18 0.772070 0.407292 0.102734 0.082639
2 19 0.185156 0.825347 0.180469 0.349306
2 22 0.555273 0.573611 0.037109 0.123611
2 24 0.610742 0.544444 0.026953 0.113889
2 25 0.680078 0.926736 0.075781 0.145139
2 26 0.117773 0.909722 0.235547 0.179167
2 27 0.717773 0.477431 0.116016 0.097917
2 28 0.766992 0.457639 0.134766 0.086111
2 29 0.738477 0.518056 0.126172 0.097222
2 30 0.786133 0.509375 0.141797 0.132639
2 31 0.950000 0.930208 0.099219 0.138194
2 32 0.615039 0.579861 0.030859 0.131944