2 1 0.525586 0.575000 0.141797 0.847222
2 2 0.399414 0.461806 0.212109 0.508333
2 3 0.322070 0.326389 0.250391 0.441667
2 4 0.432227 0.627778 0.177734 0.741667
2 6 0.393359 0.534722 0.207031 0.515278
2 7 0.412109 0.693750 0.189062 0.356944
2 8 0.291992 0.254514 0.196484 0.371528
2 9 0.361523 0.286458 0.160547 0.343750
2 12 0.526367 0.768056 0.140234 0.462500
2 13 0.638086 0.809375 0.110547 0.379861
2 14 0.443555 0.760069 0.151953 0.478472
2 15 0.732812 0.382986 0.057031 0.174306
2 16 0.323242 0.572222 0.169141 0.309722
2 19 0.131836 0.813542 0.263672 0.371528
2 22 0.643750 0.362847 0.050000 0.143750
2 24 0.717969 0.351042 0.024219 0.139583
2 25 0.803320 0.863889 0.143359 0.270833
2 26 0.113086 0.671875 0.226172 0.200694
2 27 0.894336 0.182986 0.130859 0.110417
2 32 0.717773 0.389236 0.026953 0.120139