2 1 0.537891 0.580208 0.096875 0.842361
2 2 0.409766 0.461458 0.207031 0.450694
2 3 0.348633 0.359375 0.218359 0.424306
2 4 0.445312 0.636111 0.168750 0.711111
2 6 0.408594 0.507639 0.206250 0.526389
2 7 0.426758 0.702431 0.178516 0.339583
2 8 0.304883 0.280556 0.187891 0.351389
2 9 0.388477 0.315625 0.134766 0.336806
2 12 0.538086 0.777778 0.132422 0.443056
2 13 0.646289 0.815972 0.106641 0.366667
2 14 0.455469 0.765625 0.130469 0.467361
2 15 0.734570 0.397917 0.062891 0.155556
2 16 0.341602 0.594097 0.155859 0.293750
2 19 0.141992 0.802778 0.282422 0.393056
2 22 0.645117 0.390972 0.045703 0.150000
2 24 0.718359 0.379514 0.028906 0.138194
2 25 0.803906 0.869444 0.135156 0.259722
2 26 0.123633 0.698611 0.247266 0.202778
2 27 0.878711 0.227083 0.118359 0.102778
2 29 0.921289 0.226736 0.154297 0.142361
2 32 0.719141 0.405556 0.032813 0.143056