2 1 0.538086 0.575694 0.102734 0.848611
2 2 0.407422 0.455903 0.204687 0.471528
2 3 0.338867 0.338889 0.228516 0.429167
2 4 0.442188 0.624653 0.166406 0.720139
2 6 0.393750 0.526736 0.189844 0.510417
2 7 0.422070 0.696181 0.182422 0.353472
2 8 0.298828 0.258681 0.195312 0.352083
2 9 0.381641 0.298611 0.143750 0.337500
2 12 0.530664 0.770486 0.144141 0.457639
2 13 0.643164 0.810417 0.110547 0.377778
2 14 0.451562 0.759722 0.142187 0.479167
2 15 0.733203 0.388194 0.060156 0.165278
2 16 0.330273 0.576389 0.151953 0.293056
2 19 0.137109 0.805556 0.274219 0.387500
2 22 0.644336 0.372917 0.044922 0.144444
2 24 0.719336 0.362847 0.027734 0.132639
2 25 0.805078 0.864583 0.139844 0.269444
2 26 0.118750 0.681250 0.237500 0.200000
2 27 0.884375 0.207639 0.122656 0.101389
2 32 0.718750 0.392361 0.029687 0.138889