2 1 0.423242 0.596875 0.204297 0.804861
2 3 0.278906 0.462500 0.191406 0.337500
2 4 0.341992 0.660069 0.221484 0.677083
2 6 0.323047 0.590972 0.181250 0.508333
2 7 0.357227 0.841319 0.124609 0.315972
2 8 0.241406 0.422569 0.164062 0.295139
2 12 0.483008 0.863194 0.073828 0.272222
2 13 0.572461 0.892708 0.046484 0.213194
2 14 0.386719 0.833681 0.092188 0.331250
2 15 0.624414 0.496875 0.038672 0.142361
2 18 0.750000 0.426389 0.091406 0.069444
2 19 0.153125 0.801389 0.214844 0.393056
2 22 0.538086 0.579167 0.037109 0.118056
2 24 0.594531 0.556250 0.029687 0.113889
2 25 0.655469 0.925000 0.074219 0.148611
2 26 0.111719 0.905208 0.223438 0.188194
2 27 0.693555 0.496875 0.114453 0.093750
2 28 0.743945 0.482986 0.120703 0.085417
2 29 0.712891 0.539236 0.122656 0.092361
2 30 0.758789 0.534028 0.141016 0.125000
2 31 0.933203 0.929861 0.132812 0.138889
2 32 0.597656 0.592708 0.035937 0.129861