2 1 0.486523 0.609375 0.130859 0.768750
2 2 0.386914 0.514583 0.196484 0.331944
2 3 0.321484 0.417708 0.222656 0.296528
2 4 0.368555 0.674306 0.245703 0.650000
2 6 0.387500 0.572222 0.210156 0.456944
2 7 0.418359 0.802778 0.157812 0.331944
2 8 0.299023 0.375347 0.167578 0.290972
2 12 0.533789 0.838194 0.081641 0.322222
2 13 0.631445 0.871181 0.052734 0.256250
2 14 0.456445 0.820486 0.087109 0.357639
2 15 0.695703 0.469792 0.043750 0.142361
2 18 0.859570 0.332639 0.119922 0.070833
2 19 0.215234 0.803125 0.150781 0.393750
2 22 0.602930 0.523264 0.043359 0.138194
2 24 0.665234 0.489583 0.025781 0.119444
2 25 0.732031 0.912153 0.092188 0.174306
2 26 0.123828 0.844444 0.247656 0.209722
2 27 0.791797 0.402778 0.129688 0.105556
2 28 0.862109 0.368056 0.145313 0.098611
2 29 0.821094 0.439931 0.145313 0.113194
2 30 0.863477 0.437153 0.141016 0.131250
2 32 0.661328 0.535069 0.033594 0.134028