2 1 0.434570 0.606250 0.198047 0.786111
2 3 0.282813 0.465625 0.198437 0.327083
2 4 0.355273 0.684722 0.203516 0.629167
2 6 0.338672 0.607639 0.196094 0.494444
2 7 0.366602 0.847222 0.128516 0.304167
2 8 0.245898 0.428819 0.167578 0.288194
2 12 0.490625 0.863542 0.078125 0.271528
2 13 0.583008 0.893056 0.047266 0.212500
2 14 0.401367 0.837500 0.080078 0.323611
2 15 0.635352 0.495139 0.038672 0.147222
2 18 0.763086 0.415278 0.096484 0.076389
2 19 0.171680 0.819792 0.199609 0.363194
2 22 0.547070 0.577778 0.038672 0.120833
2 24 0.603125 0.551736 0.025000 0.117361
2 25 0.669336 0.927083 0.073828 0.144444
2 26 0.115039 0.910069 0.230078 0.178472
2 27 0.707031 0.487500 0.114062 0.094444
2 28 0.756641 0.470486 0.127344 0.085417
2 29 0.727344 0.528819 0.124219 0.095139
2 30 0.774219 0.519792 0.139844 0.129861
2 31 0.942383 0.930556 0.115234 0.137500
2 32 0.607031 0.584722 0.032813 0.126389