2 1 0.415820 0.515625 0.194141 0.754861
2 3 0.355664 0.479514 0.166797 0.227083
2 4 0.403125 0.648958 0.218750 0.700694
2 8 0.305469 0.425694 0.135156 0.261111
2 12 0.523633 0.904514 0.055078 0.189583
2 13 0.594141 0.942361 0.047656 0.113889
2 14 0.424414 0.848264 0.078516 0.302083
2 15 0.628320 0.544444 0.072266 0.123611
2 16 0.354883 0.699306 0.110547 0.295833
2 18 0.750195 0.588889 0.100391 0.058333
2 19 0.192383 0.749653 0.158203 0.499306
2 21 0.376563 0.672222 0.167969 0.347222
2 22 0.561523 0.687847 0.042578 0.120139
2 24 0.614062 0.667708 0.032813 0.113194
2 25 0.672656 0.972569 0.040625 0.053472
2 26 0.210742 0.921875 0.178516 0.154861
2 27 0.682617 0.665972 0.100391 0.062500
2 28 0.732227 0.680556 0.133203 0.076389
2 29 0.700977 0.718403 0.123828 0.079861
2 30 0.755078 0.747222 0.153906 0.086111
2 32 0.622266 0.706944 0.035156 0.134722