2 1 0.414648 0.520486 0.193359 0.745139
2 3 0.374609 0.486111 0.183594 0.201389
2 4 0.409766 0.653819 0.217188 0.696528
2 8 0.312695 0.440625 0.133203 0.249306
2 12 0.528516 0.917361 0.060156 0.163889
2 13 0.599023 0.955903 0.041016 0.086806
2 14 0.429883 0.854861 0.072266 0.288889
2 15 0.629102 0.565278 0.083984 0.122222
2 16 0.358789 0.714583 0.105859 0.290278
2 18 0.751758 0.616667 0.103516 0.054167
2 19 0.198633 0.755208 0.154297 0.488194
2 21 0.383789 0.684375 0.165234 0.356250
2 22 0.565625 0.714236 0.046094 0.121528
2 24 0.618359 0.693750 0.032813 0.112500
2 26 0.223828 0.931597 0.168750 0.135417
2 27 0.683398 0.696528 0.101172 0.066667
2 28 0.732812 0.716667 0.134375 0.073611
2 29 0.702734 0.749306 0.130469 0.079167
2 30 0.756250 0.782292 0.154688 0.086806
2 32 0.625977 0.737847 0.036328 0.122917