2 1 0.524023 0.578819 0.151953 0.845139
2 2 0.394336 0.462500 0.218359 0.522222
2 3 0.315430 0.325347 0.259766 0.454861
2 4 0.426758 0.626389 0.187109 0.743056
2 6 0.389453 0.536806 0.213281 0.515278
2 7 0.405273 0.694792 0.191797 0.360417
2 8 0.289844 0.251042 0.195312 0.384028
2 9 0.355859 0.282986 0.181250 0.356250
2 12 0.525195 0.767708 0.136328 0.463194
2 13 0.635547 0.807292 0.114062 0.384028
2 14 0.440430 0.761458 0.151172 0.475694
2 15 0.731055 0.384722 0.062109 0.177778
2 16 0.319531 0.567708 0.176563 0.315972
2 19 0.127148 0.816667 0.254297 0.365278
2 22 0.642383 0.356250 0.048828 0.143056
2 24 0.718555 0.340625 0.027734 0.145139
2 25 0.800977 0.866319 0.144141 0.265972
2 26 0.108398 0.672222 0.216797 0.206944
2 27 0.898047 0.172569 0.132812 0.115972
2 32 0.718555 0.381944 0.026953 0.122222