2 1 0.533984 0.575000 0.117188 0.848611
2 2 0.405469 0.456597 0.204687 0.488194
2 3 0.330859 0.328125 0.239063 0.431250
2 4 0.438477 0.628819 0.170703 0.740972
2 6 0.389062 0.536458 0.189844 0.504861
2 7 0.417578 0.693750 0.185938 0.354167
2 8 0.294336 0.254514 0.197266 0.357639
2 9 0.368555 0.291319 0.149609 0.336806
2 12 0.527344 0.768056 0.146094 0.462500
2 13 0.640625 0.810417 0.109375 0.377778
2 14 0.450195 0.758333 0.147266 0.481944
2 15 0.733594 0.384375 0.056250 0.170139
2 16 0.326953 0.574653 0.160938 0.302083
2 19 0.134375 0.809028 0.268750 0.380556
2 22 0.644141 0.368056 0.048438 0.144444
2 24 0.719727 0.355903 0.026953 0.134028
2 25 0.804492 0.863542 0.141797 0.271528
2 26 0.115625 0.674306 0.231250 0.200000
2 27 0.889258 0.196528 0.127734 0.102778
2 32 0.717773 0.392708 0.027734 0.125694