2 1 0.539844 0.590278 0.112500 0.818056
2 2 0.409961 0.480208 0.219141 0.431250
2 3 0.353711 0.390625 0.210547 0.402083
2 4 0.437695 0.646181 0.191016 0.706250
2 6 0.409180 0.522917 0.208984 0.500000
2 7 0.432617 0.734028 0.177734 0.341667
2 8 0.308984 0.312847 0.189062 0.332639
2 9 0.385742 0.350347 0.141797 0.313194
2 12 0.551172 0.795833 0.102344 0.406944
2 13 0.644336 0.831944 0.102734 0.334722
2 14 0.464453 0.779514 0.112500 0.439583
2 15 0.732812 0.417708 0.047656 0.165972
2 16 0.342383 0.640625 0.136328 0.245139
2 19 0.190039 0.804167 0.198828 0.390278
2 22 0.641211 0.425347 0.046484 0.140972
2 24 0.711719 0.409375 0.028906 0.135417
2 25 0.791992 0.881597 0.126172 0.235417
2 26 0.127344 0.729861 0.254688 0.205556
2 27 0.861133 0.283681 0.119922 0.090972
2 29 0.912891 0.281944 0.173437 0.138889
2 30 0.938477 0.302083 0.122266 0.113889
2 32 0.708984 0.438542 0.036719 0.140972