2 1 0.411523 0.526042 0.198828 0.729861
2 3 0.373633 0.503472 0.156641 0.197222
2 4 0.414453 0.660069 0.220312 0.681250
2 8 0.322656 0.470139 0.132812 0.240278
2 12 0.531641 0.928472 0.060937 0.141667
2 14 0.436133 0.859375 0.066797 0.279861
2 15 0.631836 0.587153 0.093359 0.115972
2 16 0.363281 0.729514 0.107031 0.288194
2 18 0.753125 0.643750 0.104688 0.059722
2 19 0.208789 0.762153 0.148047 0.474306
2 21 0.389844 0.706944 0.160938 0.355556
2 22 0.567773 0.738542 0.048828 0.127083
2 24 0.623047 0.717708 0.035156 0.109028
2 26 0.240625 0.942014 0.155469 0.114583
2 27 0.687109 0.722222 0.099219 0.068056
2 28 0.733594 0.748611 0.134375 0.077778
2 29 0.706055 0.779167 0.130078 0.080556
2 30 0.757422 0.815278 0.160938 0.090278
2 32 0.630078 0.768750 0.035937 0.125000