2 1 0.426953 0.600000 0.202344 0.798611
2 3 0.280078 0.463542 0.193750 0.334028
2 4 0.347461 0.662500 0.217578 0.673611
2 6 0.328320 0.596181 0.186328 0.503472
2 7 0.360156 0.845139 0.125000 0.308333
2 8 0.242969 0.425000 0.165625 0.291667
2 12 0.485742 0.863194 0.075391 0.272222
2 13 0.575781 0.893056 0.046875 0.212500
2 14 0.391797 0.835069 0.088281 0.328472
2 15 0.628125 0.497222 0.038281 0.143056
2 18 0.753516 0.423264 0.089844 0.070139
2 19 0.159180 0.807639 0.209766 0.383333
2 22 0.541016 0.578819 0.037500 0.118750
2 24 0.597266 0.554861 0.028125 0.115278
2 25 0.659375 0.926042 0.073438 0.146528
2 26 0.112500 0.906250 0.225000 0.186111
2 27 0.698047 0.493403 0.116406 0.095139
2 28 0.747852 0.479167 0.122266 0.084722
2 29 0.716992 0.536111 0.123047 0.093056
2 30 0.763672 0.529514 0.139844 0.127083
2 31 0.936133 0.930208 0.126953 0.138194
2 32 0.600586 0.589583 0.034766 0.126389