2 1 0.514258 0.603819 0.115234 0.790972
2 2 0.401758 0.485417 0.225391 0.395833
2 3 0.340820 0.404514 0.219141 0.357639
2 4 0.400000 0.646875 0.230469 0.704861
2 6 0.405078 0.537847 0.225781 0.481250
2 7 0.431055 0.764236 0.187891 0.332639
2 8 0.308984 0.336111 0.175000 0.305556
2 9 0.370312 0.375347 0.146875 0.284028
2 12 0.525391 0.820139 0.122656 0.358333
2 13 0.643359 0.854167 0.060156 0.290278
2 14 0.470117 0.804167 0.107422 0.390278
2 15 0.713086 0.451736 0.045703 0.153472
2 16 0.338281 0.670833 0.132031 0.243056
2 18 0.916992 0.266319 0.136328 0.081250
2 19 0.201758 0.799306 0.172266 0.400000
2 22 0.620898 0.479167 0.046484 0.143056
2 24 0.686914 0.459722 0.026953 0.115278
2 25 0.757227 0.899306 0.108203 0.200000
2 26 0.126172 0.770486 0.252344 0.204861
2 27 0.832422 0.357986 0.134375 0.086806
2 28 0.916992 0.298958 0.153516 0.111806
2 29 0.867383 0.373264 0.155859 0.127083
2 30 0.917188 0.370833 0.164844 0.133333
2 32 0.686328 0.494097 0.036719 0.139583