2 1 0.420898 0.593403 0.206641 0.811806
2 3 0.277539 0.460069 0.188672 0.340972
2 4 0.337500 0.657986 0.227344 0.681250
2 6 0.321484 0.584375 0.182812 0.514583
2 7 0.356250 0.844444 0.121094 0.311111
2 8 0.236719 0.420486 0.164062 0.292361
2 12 0.480664 0.862847 0.074609 0.272917
2 13 0.569141 0.892361 0.046094 0.213889
2 14 0.384766 0.831944 0.092969 0.334722
2 15 0.620898 0.497569 0.039453 0.142361
2 18 0.746680 0.429167 0.093359 0.068056
2 19 0.149609 0.800000 0.216406 0.394444
2 22 0.535742 0.580556 0.038672 0.116667
2 24 0.592383 0.556250 0.028516 0.115278
2 25 0.650977 0.923958 0.074609 0.150694
2 26 0.111133 0.903819 0.222266 0.190972
2 27 0.689453 0.500347 0.112500 0.092361
2 28 0.739453 0.486111 0.118750 0.086111
2 29 0.708203 0.542361 0.121875 0.091667
2 30 0.754102 0.538194 0.141797 0.123611
2 31 0.930469 0.929861 0.137500 0.138889
2 32 0.595117 0.595486 0.037109 0.132639