2 1 0.410742 0.503125 0.198047 0.765972
2 3 0.328906 0.438889 0.165625 0.243056
2 4 0.382422 0.624653 0.227344 0.720139
2 8 0.293359 0.399653 0.165625 0.256250
2 12 0.507812 0.876736 0.064844 0.245139
2 13 0.583398 0.911806 0.044922 0.175000
2 14 0.400586 0.826042 0.104297 0.346528
2 15 0.626367 0.498611 0.056641 0.126389
2 16 0.338281 0.659722 0.115625 0.305556
2 18 0.745898 0.519444 0.109766 0.070833
2 19 0.179883 0.742708 0.170703 0.497917
2 22 0.552148 0.633333 0.046484 0.116667
2 24 0.605469 0.614583 0.029687 0.115278
2 25 0.665234 0.941319 0.061719 0.115972
2 26 0.173828 0.899306 0.218750 0.200000
2 27 0.682031 0.597222 0.114062 0.063889
2 28 0.729688 0.599306 0.130469 0.061111
2 29 0.699023 0.646528 0.122266 0.076389
2 30 0.749023 0.662500 0.145703 0.094444
2 31 0.907617 0.961806 0.083203 0.075000
2 32 0.612500 0.648264 0.034375 0.128472