2 1 0.409180 0.525694 0.201172 0.720833
2 3 0.376172 0.509028 0.156250 0.193056
2 4 0.416211 0.661806 0.218359 0.676389
2 8 0.324023 0.473611 0.128516 0.240278
2 12 0.533594 0.932292 0.059375 0.134028
2 14 0.437695 0.859722 0.066016 0.279167
2 15 0.633008 0.594444 0.095703 0.112500
2 16 0.364258 0.732292 0.108984 0.284028
2 18 0.753516 0.651736 0.105469 0.060417
2 19 0.213086 0.764583 0.145703 0.469444
2 21 0.391211 0.717014 0.160547 0.346528
2 22 0.568945 0.746875 0.049609 0.128472
2 24 0.624414 0.726389 0.033203 0.112500
2 26 0.246094 0.945486 0.153125 0.107639
2 27 0.686523 0.732292 0.099609 0.068750
2 28 0.730273 0.758681 0.141797 0.079861
2 29 0.706445 0.787847 0.130859 0.081250
2 30 0.757617 0.826042 0.163672 0.090972
2 32 0.631445 0.779167 0.035547 0.129167