2 1 0.401758 0.525000 0.207422 0.693056
2 3 0.383398 0.525694 0.155859 0.186111
2 4 0.421484 0.666667 0.213281 0.663889
2 5 0.719922 0.051389 0.089063 0.102778
2 7 0.446094 0.875694 0.044531 0.247222
2 8 0.330664 0.493403 0.123047 0.222917
2 12 0.538281 0.943056 0.053906 0.112500
2 14 0.443945 0.870833 0.062891 0.256944
2 15 0.632812 0.612847 0.096875 0.110417
2 16 0.370117 0.741319 0.115234 0.271528
2 18 0.754492 0.675694 0.108203 0.062500
2 19 0.226758 0.772222 0.140234 0.454167
2 21 0.397656 0.736458 0.159375 0.345139
2 22 0.572070 0.770486 0.049609 0.131250
2 24 0.628320 0.748264 0.029297 0.118750
2 26 0.259375 0.954514 0.145313 0.089583
2 27 0.689453 0.758681 0.103906 0.072917
2 28 0.724414 0.786111 0.155078 0.081944
2 29 0.706055 0.814236 0.131641 0.081250
2 30 0.760547 0.855903 0.163281 0.092361
2 32 0.641992 0.799306 0.039453 0.126389