2 1 0.415625 0.513542 0.194531 0.759028
2 3 0.350586 0.472222 0.163672 0.227778
2 4 0.400781 0.645139 0.219531 0.705556
2 8 0.303516 0.420139 0.137500 0.262500
2 12 0.521875 0.900000 0.056250 0.198611
2 13 0.592969 0.937847 0.047656 0.122917
2 14 0.422656 0.845833 0.080469 0.306944
2 15 0.629102 0.538194 0.069922 0.125000
2 16 0.353906 0.694792 0.112500 0.299306
2 18 0.749609 0.579514 0.099219 0.061806
2 19 0.189844 0.747917 0.158594 0.502778
2 21 0.374414 0.668750 0.168359 0.344444
2 22 0.560742 0.679167 0.043359 0.118056
2 24 0.612891 0.658681 0.032031 0.113194
2 25 0.672461 0.967361 0.042578 0.063889
2 26 0.207227 0.919097 0.180859 0.160417
2 27 0.681641 0.655556 0.100000 0.063889
2 28 0.732227 0.668403 0.131641 0.074306
2 29 0.700781 0.707292 0.125000 0.079861
2 30 0.753711 0.735069 0.153516 0.088194
2 32 0.620898 0.697222 0.034766 0.134722