2 1 0.430859 0.603125 0.200000 0.792361
2 3 0.281641 0.464583 0.196094 0.330556
2 4 0.351758 0.680556 0.211328 0.638889
2 6 0.333398 0.602431 0.191016 0.499306
2 7 0.362695 0.848958 0.125391 0.300694
2 8 0.243945 0.427083 0.166797 0.287500
2 12 0.487891 0.863542 0.076563 0.271528
2 13 0.579102 0.893403 0.047266 0.211806
2 14 0.396289 0.836111 0.083984 0.326389
2 15 0.631641 0.496528 0.037500 0.143056
2 18 0.758203 0.419444 0.092969 0.073611
2 19 0.165625 0.813542 0.204687 0.372917
2 22 0.544141 0.578125 0.038281 0.120139
2 24 0.600391 0.553125 0.026562 0.115972
2 25 0.663867 0.927083 0.073047 0.144444
2 26 0.113867 0.907986 0.227734 0.182639
2 27 0.702539 0.490278 0.115234 0.094444
2 28 0.752344 0.476042 0.124219 0.084028
2 29 0.722070 0.532292 0.123828 0.093750
2 30 0.768359 0.525347 0.139063 0.128472
2 31 0.939453 0.930208 0.121094 0.138194
2 32 0.603125 0.586806 0.033594 0.123611