2 1 0.462891 0.614931 0.160156 0.768750
2 2 0.365625 0.524653 0.182031 0.367361
2 3 0.303320 0.442361 0.211328 0.300000
2 4 0.368164 0.690278 0.242578 0.618056
2 6 0.358789 0.591319 0.189453 0.486806
2 7 0.390430 0.834722 0.141016 0.329167
2 8 0.269531 0.412153 0.171875 0.288194
2 12 0.513086 0.852083 0.076172 0.294444
2 13 0.609570 0.883681 0.051953 0.231250
2 14 0.431250 0.827083 0.079687 0.344444
2 15 0.664062 0.480903 0.044531 0.145139
2 18 0.803125 0.376736 0.096094 0.079861
2 19 0.203320 0.819097 0.155078 0.364583
2 22 0.574023 0.554514 0.031641 0.124306
2 24 0.633398 0.523264 0.025391 0.109028
2 25 0.702930 0.920486 0.083984 0.157639
2 26 0.125391 0.896528 0.250781 0.205556
2 27 0.745117 0.441667 0.118359 0.113889
2 28 0.804102 0.424306 0.132422 0.098611
2 29 0.768555 0.484722 0.126953 0.098611
2 30 0.817969 0.475694 0.146094 0.125000
2 31 0.968359 0.928472 0.062500 0.141667
2 32 0.634375 0.562500 0.034375 0.131944