2 1 0.500391 0.606597 0.128125 0.785417
2 2 0.396484 0.493750 0.217188 0.366667
2 3 0.333008 0.406944 0.227734 0.330556
2 4 0.385156 0.655903 0.245312 0.686806
2 6 0.397070 0.544097 0.219922 0.467361
2 7 0.427539 0.779514 0.166016 0.329861
2 8 0.301172 0.349306 0.179688 0.298611
2 12 0.519727 0.829167 0.121484 0.340278
2 13 0.637695 0.862500 0.054297 0.273611
2 14 0.465234 0.810764 0.093750 0.377083
2 15 0.706445 0.465625 0.046484 0.142361
2 16 0.343555 0.690972 0.126172 0.233333
2 18 0.892383 0.306250 0.126953 0.069444
2 19 0.210742 0.798264 0.156641 0.402083
2 22 0.613086 0.500347 0.043359 0.140972
2 24 0.681250 0.476736 0.032031 0.115972
2 25 0.744336 0.905903 0.100391 0.186806
2 26 0.127539 0.798264 0.255078 0.202083
2 27 0.816211 0.387153 0.136328 0.085417
2 28 0.899219 0.331250 0.146094 0.106944
2 29 0.845508 0.407639 0.155078 0.120833
2 30 0.896094 0.403472 0.165625 0.138889
2 32 0.674414 0.518403 0.033984 0.132639