2 1 0.397070 0.525347 0.211328 0.675694
2 3 0.388672 0.537153 0.157812 0.188194
2 4 0.425000 0.667708 0.211719 0.659028
2 5 0.720508 0.063542 0.096484 0.127083
2 7 0.447656 0.882639 0.046094 0.234722
2 8 0.331250 0.504514 0.117969 0.217361
2 12 0.541211 0.948264 0.050391 0.102083
2 14 0.446680 0.875694 0.062109 0.247222
2 15 0.630469 0.617014 0.100781 0.104861
2 16 0.375195 0.742708 0.119922 0.268750
2 18 0.753125 0.685417 0.109375 0.063889
2 19 0.229687 0.777431 0.151562 0.443750
2 21 0.401172 0.740972 0.155469 0.351389
2 22 0.574219 0.786111 0.047656 0.131944
2 24 0.630078 0.758681 0.028906 0.117361
2 26 0.267383 0.959375 0.141797 0.079861
2 27 0.697656 0.772917 0.111719 0.077778
2 28 0.725391 0.801389 0.153125 0.077778
2 29 0.704102 0.831250 0.130078 0.080556
2 30 0.758203 0.869097 0.162500 0.092361
2 32 0.638672 0.807639 0.034375 0.133333