2 1 0.471484 0.614931 0.146094 0.768750
2 2 0.375586 0.522569 0.188672 0.360417
2 3 0.309180 0.432292 0.218359 0.289583
2 4 0.364063 0.687500 0.237500 0.623611
2 6 0.370508 0.582639 0.195703 0.481944
2 7 0.399414 0.830903 0.147266 0.327083
2 8 0.282227 0.402083 0.168359 0.297222
2 12 0.521680 0.847569 0.076953 0.303472
2 13 0.618555 0.878819 0.051172 0.240972
2 14 0.441406 0.827778 0.082031 0.343056
2 15 0.677539 0.477083 0.044922 0.145833
2 18 0.830273 0.357639 0.108984 0.080556
2 19 0.208789 0.813542 0.151172 0.375694
2 22 0.585547 0.543750 0.035937 0.125000
2 24 0.646875 0.511806 0.028906 0.111111
2 25 0.715625 0.916667 0.087500 0.165278
2 26 0.126953 0.889583 0.253906 0.219444
2 27 0.765820 0.430208 0.127734 0.113194
2 28 0.831055 0.398611 0.128516 0.094444
2 29 0.792188 0.468750 0.137500 0.104167
2 30 0.835156 0.462500 0.144531 0.130556
2 31 0.978906 0.931250 0.041406 0.136111
2 32 0.646094 0.551389 0.035156 0.131944