2 1 0.407031 0.528125 0.203906 0.809028
2 3 0.306250 0.412500 0.167969 0.343056
2 4 0.349219 0.633681 0.242188 0.734028
2 6 0.348633 0.550694 0.170703 0.501389
2 8 0.260742 0.387500 0.156641 0.255556
2 12 0.488086 0.865972 0.069922 0.266667
2 13 0.569727 0.902083 0.045703 0.194444
2 14 0.391602 0.817361 0.093359 0.363889
2 15 0.617578 0.488194 0.046875 0.140278
2 16 0.308008 0.655903 0.119141 0.297917
2 18 0.736328 0.484375 0.099219 0.063194
2 19 0.166406 0.766667 0.172656 0.465278
2 22 0.538672 0.605208 0.042969 0.115972
2 24 0.592187 0.590278 0.029687 0.115278
2 25 0.648242 0.932639 0.068359 0.133333
2 26 0.133398 0.894792 0.239453 0.209028
2 27 0.679492 0.559028 0.118359 0.072222
2 28 0.726172 0.552431 0.125781 0.060417
2 29 0.696289 0.611111 0.123047 0.079167
2 30 0.742578 0.621181 0.143750 0.107639
2 31 0.898242 0.948264 0.094141 0.103472
2 32 0.598047 0.623264 0.034375 0.129861