2 1 0.451953 0.614236 0.175000 0.770139
2 3 0.293750 0.456944 0.203906 0.308333
2 4 0.368164 0.679861 0.220703 0.638889
2 6 0.347266 0.602083 0.182812 0.493056
2 7 0.380664 0.840972 0.136328 0.316667
2 8 0.257812 0.419444 0.169531 0.276389
2 12 0.503516 0.857986 0.078125 0.282639
2 13 0.599609 0.888889 0.050781 0.220833
2 14 0.417383 0.834375 0.075391 0.329861
2 15 0.651758 0.486806 0.043359 0.148611
2 18 0.783008 0.395486 0.097266 0.081250
2 19 0.195508 0.823958 0.165234 0.350694
2 22 0.562891 0.567361 0.034375 0.125000
2 24 0.619336 0.536458 0.026172 0.111806
2 25 0.688867 0.924653 0.082422 0.149306
2 26 0.120508 0.905556 0.241016 0.187500
2 27 0.729688 0.463194 0.121875 0.105556
2 28 0.779883 0.444444 0.143359 0.086111
2 29 0.750391 0.504167 0.128125 0.100000
2 30 0.800000 0.495486 0.146875 0.131250
2 31 0.957617 0.929167 0.083984 0.140278
2 32 0.622656 0.576042 0.031250 0.131250