2 1 0.409570 0.507986 0.196484 0.774306
2 3 0.321094 0.430208 0.165625 0.271528
2 4 0.372461 0.629514 0.233203 0.727083
2 8 0.294922 0.391319 0.175781 0.245139
2 12 0.503516 0.872222 0.066406 0.254167
2 13 0.580664 0.908681 0.045703 0.182639
2 14 0.397266 0.823958 0.099219 0.350694
2 15 0.627344 0.492708 0.052344 0.131250
2 16 0.326562 0.653819 0.108594 0.300694
2 18 0.743750 0.506597 0.105469 0.067361
2 19 0.176758 0.752431 0.170703 0.493750
2 22 0.548438 0.622222 0.045312 0.116667
2 24 0.601758 0.605903 0.029297 0.117361
2 25 0.661719 0.936806 0.062500 0.125000
2 26 0.161133 0.897569 0.227734 0.203472
2 27 0.683789 0.584722 0.112891 0.065278
2 28 0.726562 0.582986 0.135937 0.061806
2 29 0.700000 0.633681 0.123438 0.075694
2 30 0.750781 0.649306 0.147656 0.102778
2 31 0.906055 0.956944 0.086328 0.084722
2 32 0.607227 0.638194 0.035547 0.133333