2 1 0.411914 0.579514 0.214453 0.838194
2 3 0.277539 0.448958 0.182422 0.345139
2 4 0.321875 0.648958 0.250781 0.706250
2 6 0.315820 0.560417 0.191016 0.531944
2 8 0.231641 0.395833 0.168750 0.263889
2 12 0.472852 0.861111 0.072266 0.276389
2 13 0.559961 0.893750 0.044922 0.211111
2 14 0.380469 0.817361 0.091406 0.363889
2 15 0.610547 0.487500 0.039062 0.141667
2 16 0.289453 0.687153 0.130469 0.322917
2 18 0.734180 0.446875 0.099609 0.067361
2 19 0.139063 0.788542 0.216406 0.415972
2 22 0.527148 0.588889 0.042578 0.112500
2 24 0.581836 0.565278 0.026172 0.112500
2 25 0.638477 0.925347 0.075391 0.147917
2 26 0.111133 0.899653 0.222266 0.199306
2 27 0.674609 0.518750 0.112500 0.083333
2 28 0.718359 0.509375 0.128125 0.071528
2 29 0.693359 0.564583 0.117969 0.083333
2 30 0.740039 0.561806 0.137891 0.122222
2 31 0.914453 0.932639 0.144531 0.133333
2 32 0.586133 0.600347 0.033203 0.127083