2 1 0.524023 0.580556 0.160547 0.843056
2 2 0.390234 0.459375 0.223438 0.531250
2 3 0.310547 0.323611 0.267188 0.469444
2 4 0.422656 0.625347 0.199219 0.746528
2 6 0.384375 0.536458 0.220312 0.518750
2 7 0.400000 0.693750 0.191406 0.365278
2 8 0.287500 0.248611 0.194531 0.394444
2 9 0.347461 0.280903 0.191797 0.364583
2 12 0.523633 0.766667 0.134766 0.465278
2 13 0.632227 0.806944 0.115234 0.384722
2 14 0.440625 0.762847 0.145313 0.472917
2 15 0.729297 0.387847 0.064062 0.172917
2 16 0.315039 0.559375 0.183984 0.324306
2 19 0.122656 0.819444 0.245312 0.359722
2 22 0.642773 0.351042 0.049609 0.142361
2 24 0.719141 0.330556 0.028906 0.144444
2 25 0.797852 0.867708 0.140234 0.263194
2 26 0.103711 0.668750 0.207422 0.209722
2 27 0.900977 0.163889 0.132422 0.115278
2 32 0.719531 0.375347 0.025000 0.127083