2 1 0.406250 0.532292 0.207031 0.814583
2 3 0.303516 0.415278 0.169531 0.343056
2 4 0.344531 0.634028 0.243750 0.733333
2 6 0.346875 0.548958 0.162500 0.506250
2 8 0.258008 0.387153 0.158984 0.260417
2 12 0.484570 0.863889 0.070703 0.270833
2 13 0.567578 0.901042 0.046094 0.197917
2 14 0.389258 0.815278 0.091797 0.368056
2 15 0.616016 0.484375 0.045312 0.132639
2 16 0.305664 0.658333 0.120703 0.300000
2 18 0.734375 0.479861 0.098437 0.062500
2 19 0.165234 0.768750 0.171875 0.461111
2 22 0.535547 0.601736 0.040625 0.115972
2 24 0.589648 0.586458 0.030078 0.113194
2 25 0.644336 0.931597 0.072266 0.136806
2 26 0.127734 0.894792 0.242188 0.209028
2 27 0.676953 0.553819 0.119531 0.074306
2 28 0.725000 0.546528 0.123438 0.059722
2 29 0.694727 0.604861 0.121484 0.079167
2 30 0.741406 0.613542 0.143750 0.109028
2 31 0.895898 0.945139 0.097266 0.108333
2 32 0.595703 0.618750 0.035156 0.129167