2 1 0.525781 0.581250 0.167187 0.841667
2 2 0.385352 0.448611 0.226953 0.540278
2 3 0.305664 0.318056 0.273828 0.481944
2 4 0.415625 0.621875 0.209375 0.750694
2 6 0.378320 0.532986 0.228516 0.525694
2 7 0.394141 0.688889 0.193750 0.366667
2 8 0.280664 0.234375 0.201172 0.395139
2 9 0.342383 0.275694 0.198828 0.370833
2 12 0.514844 0.758333 0.142187 0.481944
2 13 0.627930 0.804861 0.116016 0.388889
2 14 0.435547 0.762500 0.149219 0.473611
2 15 0.726367 0.387500 0.065234 0.173611
2 16 0.308984 0.552083 0.191406 0.329167
2 19 0.118359 0.822222 0.236719 0.354167
2 22 0.641992 0.343403 0.048828 0.143750
2 24 0.718555 0.320486 0.026953 0.138194
2 25 0.793750 0.867708 0.138281 0.263194
2 26 0.099023 0.661111 0.198047 0.208333
2 27 0.902930 0.155556 0.129297 0.108333
2 32 0.718359 0.369097 0.025000 0.122917