2 1 0.507617 0.605556 0.121484 0.787500
2 2 0.400586 0.488542 0.224609 0.382639
2 3 0.337109 0.405208 0.225000 0.346528
2 4 0.391602 0.652083 0.237891 0.694444
2 6 0.400586 0.539931 0.223047 0.474306
2 7 0.428125 0.771528 0.175000 0.330556
2 8 0.305273 0.342708 0.176953 0.304861
2 9 0.364648 0.378125 0.155078 0.274306
2 12 0.516602 0.825000 0.133984 0.348611
2 13 0.640625 0.858681 0.057813 0.281250
2 14 0.467969 0.806597 0.099219 0.385417
2 15 0.709961 0.459722 0.047266 0.148611
2 16 0.334961 0.680903 0.127734 0.238194
2 18 0.908203 0.287847 0.133594 0.067361
2 19 0.205859 0.798611 0.164844 0.401389
2 22 0.617578 0.488194 0.042188 0.137500
2 24 0.683398 0.469444 0.031641 0.120833
2 25 0.749805 0.903125 0.105078 0.192361
2 26 0.124609 0.783333 0.249219 0.204167
2 27 0.825391 0.374306 0.137500 0.083333
2 28 0.906836 0.315972 0.149609 0.113889
2 29 0.855859 0.391667 0.153906 0.123611
2 30 0.907031 0.387847 0.165625 0.136806
2 32 0.680664 0.506250 0.035547 0.137500