2 1 0.468555 0.615278 0.150391 0.768056
2 2 0.373047 0.518403 0.187500 0.370139
2 3 0.306055 0.435069 0.216016 0.290972
2 4 0.367383 0.690625 0.241797 0.617361
2 6 0.366992 0.582639 0.195703 0.490278
2 7 0.393945 0.835764 0.142578 0.327083
2 8 0.278516 0.406250 0.168750 0.291667
2 12 0.519531 0.848958 0.075781 0.300694
2 13 0.615625 0.880903 0.051562 0.238194
2 14 0.438477 0.829861 0.083984 0.338889
2 15 0.672656 0.478125 0.044531 0.145139
2 18 0.821094 0.363889 0.104688 0.080556
2 19 0.206445 0.815278 0.153516 0.373611
2 22 0.581250 0.546875 0.034375 0.122917
2 24 0.642773 0.515278 0.029297 0.108333
2 25 0.711719 0.918403 0.085938 0.163194
2 26 0.126367 0.892014 0.252734 0.214583
2 27 0.758789 0.433681 0.124609 0.113194
2 28 0.821875 0.406944 0.129688 0.095833
2 29 0.784180 0.473958 0.133984 0.102083
2 30 0.829492 0.467014 0.144922 0.128472
2 31 0.975195 0.930556 0.048828 0.137500
2 32 0.642383 0.554167 0.035547 0.131944