2 1 0.525195 0.580556 0.170703 0.841667
2 2 0.382617 0.443403 0.228516 0.545139
2 3 0.303125 0.314931 0.277344 0.488194
2 4 0.412305 0.620139 0.214453 0.752778
2 6 0.375000 0.527083 0.231250 0.530556
2 7 0.390625 0.684722 0.196094 0.365278
2 8 0.277148 0.227083 0.204297 0.395833
2 9 0.342578 0.271181 0.194531 0.382639
2 12 0.512109 0.760417 0.142969 0.477778
2 13 0.625000 0.803472 0.116406 0.391667
2 14 0.433008 0.762500 0.151172 0.473611
2 15 0.724805 0.385417 0.065234 0.176389
2 16 0.305469 0.548264 0.195312 0.329861
2 19 0.115820 0.817361 0.231641 0.348611
2 22 0.641016 0.338194 0.047656 0.145833
2 24 0.716797 0.316319 0.025781 0.143750
2 25 0.791406 0.866667 0.138281 0.265278
2 26 0.095508 0.655208 0.191016 0.210417
2 27 0.905273 0.148264 0.132422 0.111806
2 32 0.716406 0.365625 0.025781 0.115972