2 1 0.409766 0.503472 0.196875 0.769444
2 3 0.328320 0.433333 0.171484 0.255556
2 4 0.379297 0.626042 0.228906 0.724306
2 8 0.292187 0.401736 0.166406 0.247917
2 12 0.505859 0.875347 0.065625 0.247917
2 13 0.582422 0.911111 0.045312 0.177778
2 14 0.398438 0.825347 0.103125 0.347917
2 15 0.626758 0.496528 0.055078 0.127778
2 16 0.333594 0.655903 0.112500 0.304861
2 18 0.745117 0.514583 0.108203 0.069444
2 19 0.178906 0.745833 0.171094 0.498611
2 22 0.550586 0.629167 0.047266 0.118056
2 24 0.604688 0.610764 0.029687 0.114583
2 25 0.664258 0.939931 0.062109 0.118750
2 26 0.169336 0.898611 0.221484 0.201389
2 27 0.681836 0.590972 0.113672 0.062500
2 28 0.729102 0.590972 0.130859 0.058333
2 29 0.699414 0.640972 0.120703 0.077778
2 30 0.749805 0.658333 0.146484 0.097222
2 31 0.907031 0.959722 0.084375 0.079167
2 32 0.610742 0.644792 0.034766 0.129861