2 1 0.414648 0.584028 0.212109 0.829167
2 3 0.275781 0.452778 0.182812 0.347222
2 4 0.325781 0.652083 0.242188 0.694444
2 6 0.317578 0.567708 0.187500 0.528472
2 7 0.358398 0.831250 0.125391 0.336111
2 8 0.230859 0.410069 0.171094 0.282639
2 12 0.474609 0.861806 0.075000 0.275000
2 13 0.561328 0.892708 0.045312 0.213194
2 14 0.381250 0.825000 0.093750 0.348611
2 15 0.613867 0.489236 0.039453 0.146528
2 16 0.288477 0.692014 0.126953 0.329861
2 18 0.737500 0.438889 0.097656 0.066667
2 19 0.141602 0.794444 0.218359 0.402778
2 22 0.529492 0.585764 0.041797 0.113194
2 24 0.586328 0.559375 0.026562 0.115972
2 25 0.641211 0.924653 0.074609 0.149306
2 26 0.110156 0.901042 0.220312 0.196528
2 27 0.680273 0.510069 0.116797 0.084028
2 28 0.724609 0.498611 0.130469 0.079167
2 29 0.697266 0.557986 0.118750 0.079861
2 30 0.742578 0.552083 0.142969 0.120833
2 31 0.921289 0.930556 0.145703 0.137500
2 32 0.587695 0.600000 0.032422 0.122222