2 1 0.537891 0.581597 0.095312 0.836806
2 2 0.410352 0.463889 0.208203 0.444444
2 3 0.351367 0.366667 0.216016 0.422222
2 4 0.445508 0.643403 0.170703 0.711806
2 6 0.409570 0.509722 0.205078 0.522222
2 7 0.429102 0.705556 0.178516 0.334722
2 8 0.307031 0.290972 0.187500 0.351389
2 9 0.388672 0.324653 0.135156 0.331250
2 12 0.541016 0.780903 0.127344 0.436806
2 13 0.646289 0.819792 0.106641 0.359028
2 14 0.457031 0.768056 0.125781 0.462500
2 15 0.734375 0.402083 0.060156 0.158333
2 16 0.341406 0.603125 0.151562 0.284028
2 19 0.173828 0.802431 0.224219 0.393750
2 22 0.644727 0.397569 0.046484 0.147917
2 24 0.718945 0.385764 0.031641 0.139583
2 25 0.803516 0.871181 0.133594 0.256250
2 26 0.124805 0.705208 0.249609 0.204861
2 27 0.878320 0.237847 0.121484 0.099306
2 29 0.919531 0.238889 0.158594 0.137500
2 32 0.717773 0.413194 0.033984 0.138889