2 1 0.529492 0.574653 0.129297 0.847917
2 2 0.402734 0.458681 0.208594 0.497917
2 3 0.326758 0.327431 0.244922 0.436806
2 4 0.435156 0.628125 0.174219 0.740972
2 6 0.391406 0.535764 0.198437 0.510417
2 7 0.415234 0.692708 0.187500 0.354861
2 8 0.292773 0.256250 0.197266 0.363889
2 9 0.365039 0.288889 0.155078 0.340278
2 12 0.526953 0.768056 0.142969 0.462500
2 13 0.639453 0.810417 0.108594 0.377778
2 14 0.447070 0.759028 0.149609 0.480556
2 15 0.733789 0.382292 0.054297 0.172917
2 16 0.325391 0.573958 0.165625 0.306250
2 19 0.133008 0.811111 0.266016 0.376389
2 22 0.644336 0.365972 0.050391 0.144444
2 24 0.718750 0.353125 0.025781 0.136806
2 25 0.804297 0.862847 0.142969 0.272917
2 26 0.114453 0.673264 0.228906 0.200694
2 27 0.891992 0.189236 0.129297 0.106250
2 32 0.717383 0.392708 0.026953 0.118750