2 1 0.447656 0.613889 0.179688 0.770833
2 3 0.289453 0.462847 0.201563 0.310417
2 4 0.366602 0.677083 0.206641 0.644444
2 6 0.343750 0.605208 0.181250 0.496528
2 7 0.373633 0.844444 0.130078 0.309722
2 8 0.254102 0.423264 0.168359 0.278472
2 12 0.500391 0.860069 0.078906 0.278472
2 13 0.595313 0.890625 0.049219 0.217361
2 14 0.412695 0.838889 0.074609 0.320833
2 15 0.646875 0.489236 0.042188 0.152083
2 18 0.777734 0.401389 0.100000 0.081944
2 19 0.191992 0.825347 0.170703 0.347917
2 22 0.559180 0.571528 0.036328 0.125000
2 24 0.614648 0.540972 0.027734 0.112500
2 25 0.684570 0.925694 0.079297 0.147222
2 26 0.119141 0.907639 0.238281 0.183333
2 27 0.723437 0.470139 0.118750 0.101389
2 28 0.773438 0.450694 0.139063 0.086111
2 29 0.744336 0.511111 0.126953 0.098611
2 30 0.792773 0.502778 0.144141 0.131944
2 31 0.953906 0.929861 0.091406 0.138889
2 32 0.619141 0.578125 0.031250 0.131250