2 1 0.412500 0.524306 0.196875 0.734722
2 3 0.373828 0.497917 0.165625 0.198611
2 4 0.412695 0.657639 0.219141 0.686111
2 8 0.321289 0.466667 0.137109 0.240278
2 12 0.530664 0.924653 0.060547 0.149306
2 13 0.605273 0.966667 0.036328 0.065278
2 14 0.434375 0.859028 0.067187 0.280556
2 15 0.631055 0.580208 0.091016 0.118750
2 16 0.362891 0.726389 0.105469 0.293056
2 18 0.752539 0.634375 0.104297 0.057639
2 19 0.204687 0.759722 0.150000 0.479167
2 21 0.388281 0.695833 0.160938 0.363889
2 22 0.566992 0.730556 0.048047 0.125000
2 24 0.621484 0.710069 0.034375 0.110417
2 26 0.235352 0.938889 0.158203 0.120833
2 27 0.685937 0.713542 0.100000 0.067361
2 28 0.733203 0.738194 0.134375 0.076389
2 29 0.704883 0.769097 0.130078 0.079861
2 30 0.756641 0.804167 0.157812 0.088889
2 32 0.628711 0.758681 0.036328 0.121528