2 1 0.460352 0.614931 0.165234 0.768750
2 2 0.361914 0.527431 0.179297 0.365972
2 3 0.302148 0.446181 0.208984 0.304861
2 4 0.366016 0.690278 0.237500 0.618056
2 6 0.354883 0.596181 0.186328 0.485417
2 7 0.388867 0.836111 0.141797 0.326389
2 8 0.265625 0.413542 0.171094 0.281250
2 12 0.509961 0.853819 0.076172 0.290972
2 13 0.606836 0.885417 0.051953 0.227778
2 14 0.427344 0.825694 0.077344 0.347222
2 15 0.659961 0.482986 0.044141 0.145139
2 18 0.793945 0.382986 0.091797 0.079861
2 19 0.202344 0.820833 0.154688 0.356944
2 22 0.570703 0.558333 0.030469 0.125000
2 24 0.628516 0.527778 0.023438 0.109722
2 25 0.698438 0.921875 0.083594 0.154861
2 26 0.123828 0.899653 0.247656 0.199306
2 27 0.739844 0.448611 0.119531 0.111111
2 28 0.796094 0.431250 0.135937 0.094444
2 29 0.762500 0.491319 0.127344 0.099306
2 30 0.812500 0.482639 0.147656 0.127778
2 31 0.964844 0.927431 0.069531 0.143750
2 32 0.630664 0.568403 0.033203 0.131250