2 1 0.409375 0.513542 0.196875 0.784028
2 3 0.316406 0.402778 0.165625 0.336111
2 4 0.365625 0.631944 0.236719 0.730556
2 8 0.286914 0.388194 0.170703 0.240278
2 12 0.500195 0.870486 0.067578 0.257639
2 13 0.577539 0.906250 0.045703 0.186111
2 14 0.398438 0.822917 0.092969 0.352778
2 15 0.624805 0.490972 0.051172 0.134722
2 16 0.321289 0.656944 0.106641 0.294444
2 18 0.742578 0.499306 0.103125 0.065278
2 19 0.172852 0.759375 0.166016 0.479861
2 22 0.546484 0.617014 0.045312 0.115972
2 24 0.599414 0.601042 0.029297 0.118750
2 25 0.658008 0.936806 0.062891 0.126389
2 26 0.152734 0.896875 0.233594 0.204861
2 27 0.684570 0.578125 0.113672 0.067361
2 28 0.726562 0.574653 0.135937 0.063194
2 29 0.700391 0.625347 0.124219 0.075694
2 30 0.750000 0.639583 0.146875 0.104167
2 31 0.904297 0.954861 0.086719 0.088889
2 32 0.605273 0.632292 0.034766 0.131250