2 1 0.418359 0.590278 0.208594 0.818056
2 3 0.276367 0.457292 0.185547 0.345139
2 4 0.333398 0.654514 0.233984 0.688194
2 6 0.320117 0.578472 0.183984 0.520833
2 7 0.354687 0.846528 0.117188 0.305556
2 8 0.231641 0.417708 0.164062 0.289583
2 12 0.477930 0.862500 0.075391 0.273611
2 13 0.566602 0.892361 0.045703 0.213889
2 14 0.383398 0.830556 0.094141 0.337500
2 15 0.618555 0.494792 0.039453 0.143750
2 16 0.288867 0.695833 0.122266 0.345833
2 18 0.742773 0.431597 0.094922 0.067361
2 19 0.146484 0.798958 0.217969 0.395139
2 22 0.533203 0.582292 0.039844 0.114583
2 24 0.590430 0.555903 0.027734 0.115972
2 25 0.647852 0.924306 0.074609 0.150000
2 26 0.110352 0.902778 0.220703 0.193056
2 27 0.684961 0.503819 0.110547 0.090972
2 28 0.734375 0.490625 0.122656 0.084028
2 29 0.704492 0.547222 0.120703 0.087500
2 30 0.750391 0.542708 0.142187 0.122917
2 31 0.927539 0.929514 0.141797 0.139583
2 32 0.592773 0.597222 0.035547 0.129167