2 1 0.511523 0.605208 0.118359 0.788194
2 2 0.401172 0.487153 0.225000 0.389583
2 3 0.339062 0.404514 0.221875 0.352083
2 4 0.395508 0.649653 0.233984 0.699306
2 6 0.402344 0.539583 0.222656 0.477778
2 7 0.429492 0.768056 0.181641 0.331944
2 8 0.306055 0.338542 0.174609 0.304861
2 9 0.367773 0.377431 0.150391 0.279861
2 12 0.520703 0.822569 0.128125 0.353472
2 13 0.641992 0.856250 0.058984 0.286111
2 14 0.469336 0.805556 0.103516 0.387500
2 15 0.711719 0.456250 0.047656 0.151389
2 16 0.336719 0.676042 0.129688 0.240972
2 18 0.912891 0.277431 0.135156 0.074306
2 19 0.203320 0.798958 0.169141 0.400694
2 22 0.619531 0.484028 0.044531 0.140278
2 24 0.685156 0.464583 0.029687 0.122222
2 25 0.753711 0.901736 0.106641 0.196528
2 26 0.125391 0.776389 0.250781 0.204167
2 27 0.830078 0.367361 0.138281 0.081944
2 28 0.911719 0.307292 0.151562 0.113194
2 29 0.860938 0.383333 0.153125 0.125000
2 30 0.911914 0.379514 0.165234 0.135417
2 32 0.683789 0.499653 0.036328 0.139583