2 1 0.406641 0.525694 0.203125 0.711111
2 3 0.378125 0.514931 0.155469 0.189583
2 4 0.418164 0.664236 0.216016 0.671528
2 8 0.327344 0.479861 0.127344 0.234722
2 12 0.534961 0.936458 0.057422 0.125694
2 14 0.439453 0.860069 0.065625 0.278472
2 15 0.632812 0.600347 0.096094 0.111806
2 16 0.364648 0.735417 0.110547 0.279167
2 18 0.754102 0.659722 0.106641 0.061111
2 19 0.217578 0.767014 0.143750 0.464583
2 21 0.392773 0.728125 0.160547 0.338194
2 22 0.569922 0.754514 0.050000 0.129861
2 24 0.626367 0.734375 0.031641 0.115972
2 26 0.251367 0.948611 0.150391 0.101389
2 27 0.686133 0.742014 0.099609 0.070139
2 28 0.727148 0.768750 0.148828 0.081944
2 29 0.706445 0.796875 0.131641 0.081250
2 30 0.758789 0.836111 0.163672 0.091667
2 32 0.634766 0.785764 0.036719 0.128472