2 1 0.406250 0.536458 0.208594 0.821528
2 3 0.300977 0.418750 0.171484 0.343056
2 4 0.340820 0.634375 0.244922 0.731250
2 6 0.343750 0.551389 0.171875 0.498611
2 8 0.254688 0.386111 0.160938 0.265278
2 12 0.482031 0.862847 0.071875 0.272917
2 13 0.565430 0.898958 0.046484 0.200694
2 14 0.386328 0.814931 0.092969 0.368750
2 15 0.614648 0.480208 0.043359 0.124306
2 16 0.303906 0.660417 0.122656 0.301389
2 18 0.733984 0.475000 0.098437 0.063889
2 19 0.161914 0.770139 0.178516 0.456944
2 22 0.534375 0.598264 0.040625 0.114583
2 24 0.588086 0.583681 0.028516 0.114583
2 25 0.640039 0.929514 0.076172 0.139583
2 26 0.122461 0.894444 0.244922 0.209722
2 27 0.676758 0.548611 0.116797 0.073611
2 28 0.723828 0.542708 0.125781 0.060417
2 29 0.692969 0.599306 0.119531 0.079167
2 30 0.739648 0.606597 0.143359 0.110417
2 31 0.901367 0.943056 0.111328 0.112500
2 32 0.593164 0.613194 0.035547 0.127778