2 1 0.413672 0.505208 0.198437 0.761806
2 3 0.338477 0.446875 0.165234 0.234028
2 4 0.391016 0.626736 0.223438 0.713194
2 8 0.291016 0.410069 0.147656 0.249306
2 12 0.514258 0.883333 0.062109 0.231944
2 13 0.587500 0.921181 0.046875 0.156250
2 14 0.410938 0.832639 0.092969 0.333333
2 15 0.628125 0.509722 0.060156 0.129167
2 16 0.344141 0.670833 0.109375 0.315278
2 18 0.747461 0.539236 0.108984 0.071528
2 19 0.185156 0.744792 0.160156 0.502083
2 22 0.556836 0.648611 0.044922 0.113889
2 24 0.608008 0.629167 0.030078 0.115278
2 25 0.669922 0.949306 0.051562 0.100000
2 26 0.187500 0.905556 0.204687 0.187500
2 27 0.681445 0.618056 0.109766 0.066667
2 28 0.731250 0.624653 0.128906 0.067361
2 29 0.699414 0.666319 0.126172 0.075694
2 30 0.750195 0.689931 0.146484 0.092361
2 31 0.904297 0.971528 0.066406 0.055556
2 32 0.614648 0.662847 0.033984 0.135417