2 1 0.410547 0.577083 0.213281 0.844444
2 3 0.281445 0.442014 0.182422 0.352083
2 4 0.323242 0.647569 0.250391 0.710417
2 6 0.318555 0.561111 0.191797 0.519444
2 8 0.235352 0.392361 0.167578 0.262500
2 12 0.473242 0.861111 0.073047 0.276389
2 13 0.559180 0.894097 0.044922 0.210417
2 14 0.380664 0.816667 0.092578 0.365278
2 15 0.608984 0.486111 0.039062 0.138889
2 16 0.290430 0.684375 0.131641 0.324306
2 18 0.732422 0.450347 0.100781 0.067361
2 19 0.141016 0.786458 0.211719 0.421528
2 22 0.527734 0.588889 0.043750 0.113889
2 24 0.581836 0.567708 0.027734 0.114583
2 25 0.637109 0.925694 0.075781 0.147222
2 26 0.112305 0.899306 0.224609 0.200000
2 27 0.675195 0.521875 0.109766 0.082639
2 28 0.718750 0.513194 0.127344 0.070833
2 29 0.691602 0.568403 0.117578 0.085417
2 30 0.738672 0.567014 0.135156 0.122917
2 31 0.913086 0.933333 0.143359 0.131944
2 32 0.585547 0.600347 0.033594 0.129861