2 1 0.516797 0.602083 0.111719 0.794444
2 2 0.404102 0.482986 0.227734 0.393750
2 3 0.342969 0.404167 0.216406 0.368056
2 4 0.406445 0.645486 0.226953 0.707639
2 6 0.407617 0.535764 0.228516 0.485417
2 7 0.429492 0.761111 0.184766 0.333333
2 8 0.311328 0.332639 0.175000 0.305556
2 9 0.372656 0.373264 0.142969 0.288194
2 12 0.528516 0.817708 0.121094 0.363194
2 13 0.644727 0.851736 0.061328 0.295139
2 14 0.468164 0.800694 0.108984 0.397222
2 15 0.714648 0.447917 0.044141 0.155556
2 16 0.340039 0.665972 0.133984 0.245833
2 18 0.921680 0.255903 0.137891 0.088194
2 19 0.200586 0.799653 0.175391 0.399306
2 22 0.622852 0.475000 0.048828 0.145833
2 24 0.688672 0.453819 0.028125 0.120139
2 25 0.761133 0.897917 0.109766 0.204167
2 26 0.126953 0.763542 0.253906 0.204861
2 27 0.834961 0.349306 0.130859 0.091667
2 28 0.921875 0.290278 0.155469 0.111111
2 29 0.873828 0.362153 0.158594 0.128472
2 30 0.919336 0.362847 0.160547 0.132639
2 32 0.689453 0.487847 0.037500 0.139583