2 1 0.523047 0.580208 0.157031 0.843750
2 2 0.392578 0.460764 0.221094 0.527083
2 3 0.313086 0.323958 0.263672 0.461806
2 4 0.424805 0.626042 0.193359 0.745139
2 6 0.387500 0.538194 0.216406 0.515278
2 7 0.402734 0.693750 0.191406 0.362500
2 8 0.288867 0.250347 0.194922 0.389583
2 9 0.351953 0.282292 0.186719 0.360417
2 12 0.524414 0.767014 0.135547 0.464583
2 13 0.633789 0.806944 0.114453 0.384722
2 14 0.440625 0.762153 0.148438 0.474306
2 15 0.730078 0.386458 0.063281 0.175694
2 16 0.316992 0.563542 0.180078 0.320139
2 19 0.124805 0.818056 0.249609 0.362500
2 22 0.642578 0.353125 0.049219 0.142361
2 24 0.719141 0.335764 0.029687 0.147917
2 25 0.799219 0.867014 0.142187 0.264583
2 26 0.106055 0.672569 0.212109 0.210417
2 27 0.900195 0.167708 0.133984 0.118750
2 32 0.718750 0.379167 0.025781 0.125000