2 1 0.413672 0.522222 0.195312 0.740278
2 3 0.374414 0.491667 0.174609 0.200000
2 4 0.411523 0.656250 0.218359 0.691667
2 8 0.317188 0.453819 0.135156 0.245139
2 12 0.529492 0.921181 0.060547 0.156250
2 13 0.602148 0.961806 0.038672 0.076389
2 14 0.432031 0.856944 0.069531 0.284722
2 15 0.629883 0.572917 0.088672 0.122222
2 16 0.361133 0.720833 0.105859 0.291667
2 18 0.752344 0.626042 0.103906 0.056250
2 19 0.200391 0.757292 0.152344 0.484028
2 21 0.385742 0.690278 0.162891 0.359722
2 22 0.566406 0.722222 0.046875 0.123611
2 24 0.619922 0.701389 0.033594 0.111111
2 26 0.229883 0.935069 0.163672 0.128472
2 27 0.684570 0.705208 0.100391 0.067361
2 28 0.733203 0.727083 0.134375 0.075000
2 29 0.703906 0.759375 0.130469 0.079861
2 30 0.756445 0.793403 0.155078 0.088194
2 32 0.627344 0.748264 0.036719 0.117361