2 1 0.497461 0.607292 0.126953 0.784028
2 2 0.392773 0.497222 0.209766 0.356944
2 3 0.330664 0.409028 0.227734 0.319444
2 4 0.383203 0.656597 0.249219 0.685417
2 6 0.395117 0.547917 0.216797 0.463889
2 7 0.428320 0.783681 0.162891 0.329861
2 8 0.298242 0.351042 0.180078 0.292361
2 12 0.527148 0.831250 0.103516 0.336111
2 13 0.636523 0.864583 0.052734 0.269444
2 14 0.463672 0.813194 0.092188 0.372222
2 15 0.704688 0.466667 0.046094 0.141667
2 16 0.347852 0.695833 0.125391 0.230556
2 18 0.884570 0.314931 0.123828 0.070139
2 19 0.211719 0.799306 0.155469 0.400000
2 22 0.611133 0.506944 0.044141 0.143056
2 24 0.677539 0.480556 0.030078 0.115278
2 25 0.741602 0.907292 0.098047 0.184028
2 26 0.128906 0.805208 0.257812 0.200694
2 27 0.810937 0.391667 0.133594 0.086111
2 28 0.895508 0.338542 0.144141 0.103472
2 29 0.840039 0.419097 0.144922 0.118750
2 30 0.890234 0.411111 0.165625 0.138889
2 32 0.671680 0.521875 0.034766 0.131250