2 1 0.411914 0.503472 0.198828 0.762500
2 3 0.331836 0.439236 0.165234 0.239583
2 4 0.385352 0.622569 0.226172 0.715972
2 8 0.294336 0.396528 0.164453 0.263889
2 12 0.510352 0.878125 0.064453 0.242361
2 13 0.584961 0.914931 0.045703 0.168750
2 14 0.402148 0.826736 0.105078 0.345139
2 15 0.626953 0.502431 0.057813 0.127083
2 16 0.342773 0.662847 0.118359 0.306250
2 18 0.746289 0.524306 0.111328 0.072222
2 19 0.181445 0.739931 0.170703 0.496528
2 22 0.554102 0.638194 0.045703 0.115278
2 24 0.605859 0.618750 0.029687 0.115278
2 25 0.666602 0.944097 0.058203 0.110417
2 26 0.177734 0.900000 0.215625 0.198611
2 27 0.682227 0.603125 0.114453 0.064583
2 28 0.730469 0.606597 0.129688 0.063194
2 29 0.699219 0.651736 0.124219 0.075694
2 30 0.749609 0.671875 0.146094 0.093750
2 31 0.907617 0.963542 0.081641 0.071528
2 32 0.613281 0.652778 0.034375 0.130556