2 1 0.489063 0.609375 0.128125 0.775694
2 2 0.387500 0.510069 0.198437 0.336806
2 3 0.323828 0.415625 0.224219 0.300694
2 4 0.372852 0.668750 0.248047 0.661111
2 6 0.389648 0.565972 0.211328 0.458333
2 7 0.419141 0.797917 0.160938 0.331944
2 8 0.299609 0.364931 0.167969 0.281250
2 12 0.533984 0.836458 0.082812 0.325694
2 13 0.633398 0.869097 0.053516 0.260417
2 14 0.458203 0.819097 0.088281 0.360417
2 15 0.698828 0.469097 0.044531 0.140972
2 18 0.868555 0.325347 0.116016 0.072917
2 19 0.214453 0.801389 0.152344 0.394444
2 22 0.605469 0.519444 0.043750 0.140278
2 24 0.668359 0.486806 0.026562 0.120833
2 25 0.734570 0.911458 0.093359 0.177083
2 26 0.121875 0.833681 0.243750 0.204861
2 27 0.795703 0.401042 0.128906 0.096528
2 28 0.868164 0.362153 0.146484 0.096528
2 29 0.826172 0.433681 0.145313 0.115972
2 30 0.870703 0.430903 0.149219 0.134028
2 32 0.663477 0.531944 0.034766 0.131944