2 1 0.466016 0.615278 0.155469 0.768056
2 2 0.369336 0.521181 0.184766 0.368750
2 3 0.304883 0.438889 0.213672 0.295833
2 4 0.369531 0.690972 0.245312 0.618056
2 6 0.363086 0.587500 0.192578 0.488889
2 7 0.392383 0.835764 0.141797 0.328472
2 8 0.274219 0.409722 0.170313 0.290278
2 12 0.516406 0.850694 0.075781 0.297222
2 13 0.612500 0.881944 0.051562 0.234722
2 14 0.434570 0.828472 0.081641 0.341667
2 15 0.667969 0.479167 0.044531 0.144444
2 18 0.812305 0.370833 0.100391 0.080556
2 19 0.203906 0.816319 0.155469 0.371528
2 22 0.577930 0.550694 0.033203 0.123611
2 24 0.637891 0.519792 0.027344 0.109028
2 25 0.707422 0.919097 0.084375 0.160417
2 26 0.125977 0.894097 0.251953 0.210417
2 27 0.752148 0.438194 0.121484 0.113889
2 28 0.813281 0.415972 0.131250 0.097222
2 29 0.776563 0.479514 0.130469 0.100694
2 30 0.823633 0.471181 0.145703 0.127083
2 31 0.971680 0.929514 0.055859 0.139583
2 32 0.638281 0.556597 0.035937 0.132639