2 1 0.524609 0.576389 0.146875 0.845833
2 2 0.396680 0.463889 0.216016 0.518056
2 3 0.317969 0.325694 0.256250 0.447222
2 4 0.428906 0.627083 0.181250 0.741667
2 6 0.391406 0.536111 0.210156 0.515278
2 7 0.408398 0.693750 0.190234 0.358333
2 8 0.291211 0.252778 0.195703 0.379167
2 9 0.358984 0.284722 0.171094 0.350000
2 12 0.525977 0.768056 0.137109 0.462500
2 13 0.636914 0.808333 0.112109 0.381944
2 14 0.440430 0.760764 0.154297 0.477083
2 15 0.732031 0.384028 0.059375 0.176389
2 16 0.321680 0.569444 0.173047 0.312500
2 19 0.129492 0.814931 0.258984 0.368750
2 22 0.642969 0.359375 0.049219 0.143750
2 24 0.718555 0.346181 0.026172 0.142361
2 25 0.801953 0.865278 0.143750 0.268056
2 26 0.110742 0.672222 0.221484 0.204167
2 27 0.896484 0.178125 0.132031 0.113194
2 32 0.718164 0.385417 0.026953 0.120833