2 1 0.409766 0.573611 0.212500 0.850000
2 3 0.284766 0.436111 0.182031 0.359722
2 4 0.324219 0.645139 0.250000 0.713889
2 6 0.321094 0.562153 0.192969 0.507639
2 8 0.239063 0.388542 0.166406 0.260417
2 12 0.473047 0.861458 0.073438 0.275694
2 13 0.559180 0.894097 0.044922 0.210417
2 14 0.380469 0.815625 0.093750 0.367361
2 15 0.610547 0.485417 0.039844 0.141667
2 16 0.291406 0.681597 0.132812 0.325694
2 18 0.732617 0.453472 0.100391 0.068056
2 19 0.143555 0.784028 0.207422 0.426389
2 22 0.528516 0.589583 0.045312 0.115278
2 24 0.582227 0.570139 0.029297 0.116667
2 25 0.636914 0.925694 0.075391 0.147222
2 26 0.113477 0.898958 0.226953 0.200694
2 27 0.675977 0.525694 0.107422 0.081944
2 28 0.719336 0.517708 0.126172 0.070139
2 29 0.691992 0.571875 0.119141 0.084028
2 30 0.738477 0.572569 0.137109 0.120139
2 31 0.911914 0.934028 0.141797 0.130556
2 32 0.586523 0.600694 0.033984 0.130556