2 1 0.409570 0.509722 0.196484 0.776389
2 3 0.319141 0.401389 0.166406 0.333333
2 4 0.369336 0.631597 0.235547 0.728472
2 8 0.291016 0.390278 0.173437 0.243056
2 12 0.502539 0.870833 0.066797 0.256944
2 13 0.579492 0.906944 0.045703 0.184722
2 14 0.398047 0.823611 0.096094 0.351389
2 15 0.625781 0.492361 0.051562 0.133333
2 16 0.323828 0.655903 0.107813 0.297917
2 18 0.743164 0.503125 0.104297 0.065972
2 19 0.175781 0.755903 0.170313 0.486806
2 22 0.547461 0.619097 0.044141 0.115972
2 24 0.600195 0.603125 0.029297 0.118750
2 25 0.659961 0.936458 0.062891 0.125694
2 26 0.157031 0.897222 0.230469 0.204167
2 27 0.684766 0.581944 0.112500 0.066667
2 28 0.725586 0.579167 0.138672 0.063889
2 29 0.700195 0.630556 0.124609 0.075000
2 30 0.750195 0.644792 0.147266 0.103472
2 31 0.905273 0.955903 0.086328 0.086806
2 32 0.606250 0.635417 0.035156 0.131944