2 1 0.413281 0.582292 0.213281 0.834028
2 3 0.276758 0.451042 0.182422 0.346528
2 4 0.324023 0.650347 0.246484 0.700694
2 6 0.316797 0.564583 0.189062 0.530556
2 8 0.229687 0.403472 0.173437 0.273611
2 12 0.473828 0.861458 0.073438 0.275694
2 13 0.560547 0.893056 0.045312 0.212500
2 14 0.380664 0.821181 0.092578 0.356250
2 15 0.612305 0.487847 0.039453 0.143750
2 16 0.288477 0.689931 0.129297 0.321528
2 18 0.736133 0.442361 0.098828 0.066667
2 19 0.140430 0.791667 0.217578 0.409722
2 22 0.528516 0.586806 0.042188 0.112500
2 24 0.583789 0.561806 0.026172 0.113889
2 25 0.639844 0.925000 0.075000 0.148611
2 26 0.109961 0.900000 0.219922 0.198611
2 27 0.677148 0.514931 0.114453 0.084028
2 28 0.721680 0.504514 0.129297 0.075694
2 29 0.695508 0.561806 0.118359 0.081944
2 30 0.741211 0.557292 0.140234 0.121528
2 31 0.917969 0.931597 0.145313 0.135417
2 32 0.587109 0.600000 0.032813 0.125000