2 1 0.528516 0.596528 0.112500 0.805556
2 2 0.408008 0.480208 0.223828 0.404861
2 3 0.350586 0.398958 0.209766 0.395139
2 4 0.427539 0.648958 0.209766 0.700694
2 6 0.414844 0.528125 0.228906 0.482639
2 7 0.430859 0.744792 0.180469 0.338194
2 8 0.306250 0.317708 0.190625 0.311806
2 9 0.383398 0.359028 0.151172 0.306944
2 12 0.544141 0.805208 0.103125 0.388194
2 13 0.642188 0.841319 0.092969 0.315972
2 14 0.465820 0.788889 0.111328 0.420833
2 15 0.725391 0.425694 0.045312 0.168056
2 16 0.345703 0.650000 0.142969 0.245833
2 19 0.192969 0.802431 0.188281 0.393750
2 22 0.633984 0.447917 0.047656 0.141667
2 24 0.700977 0.430903 0.030859 0.135417
2 25 0.777930 0.889236 0.119922 0.221528
2 26 0.126758 0.742708 0.253516 0.210417
2 27 0.852734 0.311458 0.124219 0.106250
2 29 0.900000 0.315278 0.169531 0.136111
2 30 0.930859 0.332986 0.137500 0.118750
2 32 0.699219 0.460069 0.035937 0.134028