2 1 0.395313 0.521528 0.210938 0.666667
2 3 0.389453 0.537500 0.155469 0.190278
2 4 0.426367 0.669097 0.209766 0.660417
2 5 0.719531 0.066319 0.096875 0.132639
2 7 0.448437 0.885417 0.046875 0.227778
2 8 0.332031 0.508333 0.116406 0.218056
2 11 0.450195 0.628472 0.117578 0.284722
2 12 0.541406 0.948264 0.050000 0.102083
2 14 0.446680 0.875347 0.062891 0.247917
2 15 0.629492 0.619097 0.102734 0.102083
2 16 0.377148 0.742361 0.122266 0.270833
2 18 0.752344 0.690625 0.110156 0.064583
2 19 0.230859 0.780208 0.157031 0.438194
2 21 0.401953 0.742014 0.152344 0.354861
2 22 0.574219 0.788194 0.048438 0.130556
2 24 0.629687 0.761458 0.030469 0.115972
2 26 0.277344 0.961806 0.128125 0.076389
2 27 0.697070 0.775347 0.112891 0.078472
2 28 0.725000 0.805903 0.152344 0.078472
2 29 0.701953 0.835417 0.131250 0.080556
2 30 0.757227 0.875347 0.162109 0.092361
2 32 0.637109 0.811458 0.032031 0.136806