2 1 0.311133 0.367014 0.185547 0.321528
2 3 0.403711 0.710069 0.058203 0.170139
2 4 0.449609 0.512153 0.125000 0.409028
2 5 0.740234 0.328125 0.178906 0.142361
2 7 0.324609 0.876389 0.057813 0.245833
2 8 0.349414 0.684375 0.060547 0.143750
2 11 0.454102 0.756597 0.065234 0.177083
2 14 0.409766 0.935764 0.053906 0.127083
2 15 0.513477 0.970486 0.054297 0.057639
2 16 0.354492 0.849653 0.084766 0.202083
2 18 0.612500 0.972569 0.059375 0.053472
2 19 0.323047 0.753125 0.122656 0.192361
2 20 0.430859 0.822917 0.039062 0.194444
2 21 0.435937 0.854167 0.083594 0.219444
2 23 0.372266 0.704514 0.065625 0.138194