2 1 0.290625 0.354514 0.211719 0.311806
2 3 0.398242 0.685069 0.078516 0.161806
2 4 0.431641 0.522222 0.140625 0.454167
2 5 0.756250 0.289583 0.219531 0.150000
2 7 0.345117 0.885417 0.053516 0.227778
2 8 0.356250 0.651389 0.048438 0.127778
2 11 0.458203 0.722917 0.071094 0.144444
2 14 0.417969 0.927778 0.059375 0.143056
2 15 0.531836 0.925347 0.060547 0.103472
2 16 0.368359 0.842014 0.063281 0.206250
2 18 0.643164 0.950000 0.092578 0.098611
2 19 0.290234 0.731597 0.180469 0.193750
2 20 0.428906 0.806250 0.065625 0.197222
2 21 0.434570 0.830556 0.085547 0.247222
2 23 0.369336 0.684722 0.085547 0.138889