2 1 0.266211 0.439236 0.219141 0.406250
2 3 0.400195 0.671528 0.068359 0.180556
2 4 0.421289 0.622917 0.144141 0.511111
2 5 0.725391 0.209722 0.196875 0.145833
2 7 0.392578 0.906597 0.060156 0.185417
2 8 0.356641 0.664583 0.056250 0.168056
2 11 0.462500 0.727083 0.075781 0.186111
2 14 0.436914 0.913542 0.049609 0.171528
2 15 0.557617 0.806250 0.054297 0.115278
2 16 0.384570 0.835417 0.047266 0.211111
2 18 0.685742 0.876736 0.110547 0.072917
2 19 0.241797 0.724306 0.243750 0.162500
2 20 0.427148 0.780903 0.068359 0.172917
2 21 0.430859 0.836458 0.099219 0.254861
2 22 0.581836 0.940625 0.030859 0.117361
2 23 0.378516 0.669444 0.070312 0.165278
2 24 0.634570 0.924653 0.023828 0.149306
2 27 0.635547 0.969444 0.127344 0.059722