2 1 0.289062 0.365625 0.210938 0.324306
2 3 0.398828 0.686458 0.072656 0.160417
2 4 0.430664 0.534375 0.142578 0.459028
2 5 0.755078 0.287847 0.225781 0.150694
2 7 0.347852 0.888889 0.053516 0.220833
2 8 0.356250 0.656250 0.053125 0.118056
2 11 0.459766 0.723611 0.070312 0.148611
2 14 0.418555 0.929514 0.057422 0.139583
2 15 0.531836 0.917361 0.058203 0.104167
2 16 0.370117 0.850694 0.058203 0.206944
2 18 0.647852 0.948958 0.094922 0.100694
2 19 0.286914 0.734722 0.184766 0.197222
2 20 0.429883 0.805208 0.062109 0.202083
2 21 0.434570 0.831597 0.087109 0.253472
2 23 0.372656 0.688542 0.075781 0.145139