2 1 0.325586 0.503472 0.167578 0.531944
2 3 0.397070 0.634375 0.103516 0.178472
2 4 0.440625 0.658681 0.132812 0.547917
2 5 0.683789 0.193056 0.103516 0.161111
2 8 0.371680 0.619444 0.064453 0.179167
2 11 0.459375 0.663889 0.085156 0.176389
2 14 0.459180 0.912153 0.043359 0.174306
2 15 0.585156 0.716319 0.075000 0.096528
2 16 0.388672 0.822222 0.087500 0.250000
2 18 0.720117 0.786111 0.111328 0.063889
2 19 0.231641 0.804167 0.231250 0.311111
2 21 0.425977 0.800000 0.124609 0.276389
2 22 0.586328 0.886806 0.040625 0.143056
2 23 0.380078 0.651736 0.069531 0.192361
2 24 0.637305 0.850694 0.036328 0.125000
2 27 0.669141 0.882292 0.127344 0.086806
2 28 0.684570 0.922222 0.143359 0.072222
2 29 0.666797 0.961458 0.124219 0.075694
2 30 0.720117 0.977083 0.151953 0.044444