2 1 0.265820 0.436806 0.218359 0.406944
2 3 0.399219 0.677778 0.071875 0.181944
2 4 0.419922 0.620139 0.146094 0.509722
2 5 0.729102 0.215972 0.202734 0.150000
2 7 0.387695 0.907292 0.060547 0.184028
2 8 0.356445 0.663889 0.057422 0.172222
2 11 0.461328 0.735764 0.075781 0.196528
2 14 0.435742 0.916319 0.052734 0.165972
2 15 0.555469 0.816319 0.055469 0.114583
2 16 0.382812 0.836111 0.050781 0.208333
2 18 0.681641 0.887153 0.110937 0.077083
2 19 0.240234 0.726042 0.243750 0.152083
2 20 0.426563 0.785417 0.068750 0.172222
2 21 0.427539 0.841667 0.102734 0.258333
2 22 0.581836 0.945486 0.030078 0.107639
2 23 0.377734 0.676389 0.071875 0.163889
2 24 0.631836 0.933333 0.026172 0.131944
2 27 0.618945 0.973958 0.101172 0.050694