2 1 0.267188 0.433333 0.215625 0.402778
2 3 0.395508 0.690625 0.074609 0.175694
2 4 0.418555 0.612847 0.145703 0.499306
2 5 0.735547 0.233681 0.214844 0.156250
2 7 0.380273 0.911806 0.060547 0.175000
2 8 0.351562 0.677431 0.058594 0.175694
2 11 0.461328 0.747569 0.075781 0.200694
2 14 0.427930 0.931944 0.050391 0.134722
2 15 0.545312 0.843403 0.061719 0.113194
2 16 0.378516 0.849653 0.058594 0.214583
2 18 0.674219 0.910069 0.111719 0.089583
2 19 0.240234 0.733333 0.237500 0.147222
2 20 0.425195 0.797917 0.069141 0.183333
2 21 0.430664 0.853819 0.094922 0.250694
2 22 0.581445 0.955903 0.028516 0.086806
2 23 0.379102 0.700000 0.063672 0.177778
2 24 0.629883 0.941319 0.026953 0.115972