2 1 0.361328 0.467014 0.182031 0.546528
2 3 0.394336 0.543403 0.133984 0.186806
2 4 0.444336 0.617708 0.156641 0.585417
2 5 0.710156 0.091667 0.109375 0.183333
2 8 0.343555 0.527778 0.098047 0.159722
2 11 0.453125 0.612847 0.096094 0.192361
2 12 0.538281 0.944792 0.045312 0.109028
2 14 0.450391 0.875694 0.054688 0.247222
2 15 0.604492 0.615278 0.095703 0.088889
2 16 0.390430 0.715278 0.127734 0.279167
2 18 0.727930 0.706597 0.112891 0.065972
2 19 0.247852 0.756597 0.162109 0.397917
2 21 0.411914 0.749306 0.133984 0.345833
2 22 0.574414 0.799306 0.047266 0.131944
2 23 0.384375 0.548611 0.070312 0.165278
2 24 0.628320 0.769792 0.033984 0.115972
2 26 0.319922 0.963194 0.096875 0.072222
2 27 0.670898 0.786806 0.126172 0.076389
2 28 0.696289 0.829861 0.144922 0.076389
2 29 0.675000 0.857292 0.128125 0.079861
2 30 0.727148 0.894444 0.152734 0.095833