2 1 0.314453 0.383681 0.177344 0.339583
2 3 0.404883 0.711458 0.051172 0.170139
2 4 0.449609 0.511806 0.125000 0.400000
2 5 0.736523 0.331597 0.173047 0.145139
2 7 0.321680 0.876042 0.060547 0.246528
2 8 0.341406 0.688542 0.067969 0.154861
2 11 0.452539 0.753819 0.066016 0.186806
2 14 0.408398 0.936806 0.052734 0.125000
2 16 0.353125 0.851736 0.086719 0.206250
2 18 0.608984 0.974306 0.057031 0.050000
2 19 0.328516 0.745486 0.110156 0.196528
2 20 0.431055 0.822569 0.036328 0.199306
2 21 0.434766 0.853819 0.083594 0.214583
2 23 0.370117 0.709722 0.066797 0.143056