2 1 0.375195 0.478125 0.196484 0.586806
2 3 0.394922 0.539931 0.135937 0.182639
2 4 0.437109 0.635417 0.185938 0.616667
2 5 0.708398 0.085764 0.092578 0.171528
2 7 0.450195 0.876389 0.037891 0.247222
2 8 0.339844 0.517708 0.108594 0.186806
2 11 0.451367 0.618750 0.112109 0.225000
2 12 0.541602 0.946875 0.048828 0.104861
2 14 0.450781 0.872917 0.060156 0.252778
2 15 0.615430 0.612847 0.104297 0.077083
2 16 0.385156 0.736458 0.123438 0.249306
2 18 0.735742 0.699306 0.113672 0.063889
2 19 0.240430 0.761806 0.164453 0.413889
2 21 0.410156 0.753472 0.136719 0.344444
2 22 0.574023 0.794792 0.045703 0.132639
2 24 0.627344 0.762500 0.032031 0.118056
2 26 0.290625 0.960069 0.133594 0.078472
2 27 0.681055 0.782639 0.123828 0.081944
2 28 0.709570 0.815278 0.144922 0.084722
2 29 0.684766 0.843750 0.126562 0.081944
2 30 0.737891 0.886111 0.159375 0.095833