2 1 0.357227 0.469444 0.175391 0.545833
2 3 0.394727 0.548264 0.132422 0.188194
2 4 0.445703 0.614931 0.147656 0.584028
2 5 0.712891 0.093056 0.122656 0.186111
2 8 0.346680 0.531250 0.091016 0.162500
2 11 0.453906 0.609722 0.096094 0.184722
2 12 0.538281 0.944792 0.042969 0.109028
2 14 0.450391 0.877431 0.052344 0.243750
2 15 0.600586 0.615972 0.094141 0.076389
2 16 0.387695 0.732292 0.120703 0.242361
2 18 0.725000 0.709722 0.114062 0.068056
2 19 0.250391 0.754514 0.165625 0.390972
2 21 0.412891 0.746528 0.133594 0.341667
2 22 0.573633 0.803472 0.044922 0.129167
2 23 0.382031 0.560069 0.072656 0.179861
2 24 0.625391 0.774306 0.030469 0.118056
2 26 0.323633 0.963889 0.089453 0.070833
2 27 0.669336 0.789236 0.126953 0.074306
2 28 0.693164 0.833681 0.139453 0.074306
2 29 0.671680 0.864583 0.128516 0.076389
2 30 0.724414 0.896528 0.148828 0.098611