2 1 0.337305 0.498958 0.160547 0.543750
2 3 0.393945 0.613542 0.094922 0.188194
2 4 0.444922 0.646181 0.131250 0.553472
2 5 0.687109 0.153819 0.109375 0.153472
2 8 0.368359 0.578472 0.052344 0.152778
2 11 0.456445 0.638542 0.085547 0.174306
2 14 0.459375 0.903125 0.043750 0.192361
2 15 0.593164 0.686111 0.083203 0.083333
2 16 0.386523 0.795486 0.086328 0.247917
2 18 0.721289 0.760764 0.112109 0.064583
2 19 0.241797 0.792708 0.226562 0.343750
2 21 0.421094 0.785417 0.124219 0.288889
2 22 0.584961 0.858333 0.042578 0.136111
2 23 0.381641 0.625694 0.067969 0.194444
2 24 0.637109 0.827083 0.034375 0.119444
2 27 0.669336 0.851389 0.126172 0.080556
2 28 0.688086 0.895139 0.141016 0.068056
2 29 0.669141 0.932292 0.125000 0.079861
2 30 0.719336 0.959722 0.156641 0.079167