2 1 0.289062 0.468056 0.191406 0.473611
2 3 0.402930 0.644444 0.073828 0.177778
2 4 0.436523 0.641667 0.136328 0.533333
2 5 0.698438 0.223958 0.142187 0.157639
2 8 0.358789 0.640278 0.066797 0.211111
2 11 0.464062 0.686806 0.084375 0.173611
2 14 0.450391 0.914583 0.052344 0.169444
2 15 0.577734 0.743403 0.065625 0.103472
2 16 0.390234 0.827083 0.071094 0.229167
2 18 0.705078 0.814583 0.111719 0.066667
2 19 0.240234 0.777778 0.232031 0.276389
2 21 0.432812 0.807639 0.112500 0.266667
2 22 0.585156 0.905556 0.038281 0.147222
2 23 0.382227 0.662500 0.073047 0.165278
2 24 0.643359 0.871181 0.029687 0.124306
2 27 0.657031 0.918056 0.133594 0.094444
2 28 0.670312 0.959375 0.139844 0.072917
2 29 0.654297 0.980208 0.114062 0.038194