2 1 0.276172 0.396528 0.214844 0.365278
2 3 0.397852 0.694444 0.068359 0.165278
2 4 0.420703 0.570486 0.145313 0.475694
2 5 0.748828 0.269792 0.229687 0.136806
2 7 0.354492 0.900694 0.053516 0.197222
2 8 0.350586 0.659722 0.060547 0.116667
2 11 0.454492 0.739931 0.069922 0.161806
2 14 0.417578 0.937153 0.053125 0.124306
2 15 0.533984 0.897222 0.058594 0.106944
2 16 0.367578 0.866319 0.063281 0.228472
2 18 0.660937 0.945833 0.105469 0.102778
2 19 0.265234 0.757986 0.208594 0.200694
2 20 0.424609 0.810764 0.068750 0.197917
2 21 0.430469 0.853472 0.091406 0.238889
2 22 0.578516 0.972222 0.025000 0.054167
2 23 0.368555 0.702778 0.077734 0.163889
2 24 0.625391 0.957986 0.023438 0.082639