2 1 0.319141 0.502431 0.167969 0.521528
2 3 0.400195 0.633333 0.098047 0.186111
2 4 0.439258 0.659722 0.133203 0.543056
2 5 0.687109 0.206250 0.106250 0.165278
2 8 0.373828 0.622569 0.060156 0.175694
2 11 0.460352 0.673264 0.083203 0.177083
2 14 0.458594 0.913194 0.042969 0.172222
2 15 0.586914 0.728819 0.073828 0.103472
2 16 0.395508 0.820486 0.071484 0.236806
2 18 0.718555 0.794097 0.109766 0.063194
2 19 0.236328 0.805208 0.244531 0.293750
2 21 0.428906 0.801736 0.123438 0.282639
2 22 0.585352 0.893403 0.039453 0.143750
2 23 0.383008 0.656250 0.076953 0.194444
2 24 0.639648 0.856944 0.034766 0.126389
2 27 0.668164 0.890972 0.128516 0.087500
2 28 0.681836 0.932292 0.143359 0.072917
2 29 0.663867 0.968056 0.123047 0.062500
2 30 0.686914 0.981597 0.085547 0.035417