2 1 0.269531 0.423264 0.214844 0.390972
2 3 0.395703 0.696181 0.077344 0.178472
2 4 0.419141 0.600000 0.145313 0.490278
2 5 0.739844 0.249653 0.221875 0.143750
2 7 0.368945 0.909722 0.058203 0.179167
2 8 0.354102 0.665972 0.059766 0.145833
2 11 0.456641 0.752083 0.074219 0.188889
2 14 0.423438 0.934028 0.051562 0.130556
2 15 0.540625 0.866319 0.056250 0.122917
2 16 0.371680 0.866319 0.055078 0.206250
2 18 0.670117 0.932986 0.106641 0.095139
2 19 0.249414 0.740625 0.224609 0.154861
2 20 0.426367 0.808333 0.069922 0.190278
2 21 0.429883 0.857986 0.092578 0.252083
2 22 0.580664 0.964583 0.025391 0.069444
2 23 0.369727 0.706944 0.075391 0.180556
2 24 0.629297 0.957292 0.025781 0.084028