2 1 0.268359 0.431250 0.214062 0.397222
2 3 0.393750 0.695833 0.081250 0.168056
2 4 0.418555 0.606944 0.144922 0.494444
2 5 0.737695 0.242361 0.219141 0.150000
2 7 0.375391 0.911458 0.060937 0.175694
2 8 0.353516 0.667361 0.058594 0.136111
2 11 0.459375 0.751389 0.076563 0.193056
2 14 0.425586 0.931944 0.051172 0.134722
2 15 0.541992 0.856597 0.057422 0.114583
2 16 0.375000 0.859722 0.055469 0.206944
2 18 0.672461 0.923611 0.108203 0.093056
2 19 0.245703 0.734375 0.229687 0.143750
2 20 0.427344 0.806250 0.071875 0.183333
2 21 0.430859 0.857986 0.093750 0.252083
2 22 0.581445 0.960417 0.027734 0.077778
2 23 0.372070 0.705903 0.072266 0.181250
2 24 0.630078 0.950694 0.028125 0.097222