2 1 0.364844 0.469444 0.189062 0.561111
2 3 0.393750 0.541319 0.135156 0.188194
2 4 0.442578 0.619792 0.167187 0.589583
2 5 0.704492 0.092014 0.088672 0.184028
2 8 0.341992 0.530208 0.101172 0.164583
2 11 0.451562 0.614931 0.104688 0.204861
2 12 0.539258 0.945486 0.047266 0.107639
2 14 0.450391 0.876389 0.055469 0.245833
2 15 0.608984 0.612847 0.103125 0.088194
2 16 0.389062 0.712153 0.126562 0.289583
2 18 0.730859 0.703472 0.111719 0.063889
2 19 0.244727 0.759028 0.160547 0.405556
2 21 0.411328 0.754167 0.133594 0.351389
2 22 0.575000 0.798264 0.046875 0.131250
2 23 0.389062 0.545486 0.067969 0.165972
2 24 0.628711 0.766319 0.034766 0.114583
2 26 0.315820 0.961458 0.098047 0.075694
2 27 0.673828 0.785417 0.127344 0.079167
2 28 0.700195 0.825347 0.146484 0.079861
2 29 0.679297 0.852778 0.127344 0.077778
2 30 0.731445 0.890972 0.154297 0.094444