2 1 0.268945 0.426736 0.214453 0.393750
2 3 0.394727 0.696181 0.079297 0.172917
2 4 0.418750 0.603819 0.145313 0.492361
2 5 0.738672 0.247222 0.221094 0.147222
2 7 0.372070 0.910417 0.059766 0.177778
2 8 0.353906 0.667014 0.059375 0.140972
2 11 0.458594 0.751736 0.075000 0.189583
2 14 0.424219 0.931944 0.051562 0.134722
2 15 0.541211 0.861458 0.056641 0.118750
2 16 0.372852 0.865278 0.053516 0.205556
2 18 0.671484 0.929861 0.106250 0.094444
2 19 0.247656 0.737153 0.227344 0.147917
2 20 0.426758 0.807292 0.070703 0.186806
2 21 0.430664 0.857986 0.093359 0.252083
2 22 0.580859 0.962500 0.026562 0.073611
2 23 0.368750 0.708681 0.076563 0.182639
2 24 0.629883 0.955208 0.028516 0.088194