2 1 0.293750 0.338194 0.211719 0.298611
2 3 0.397852 0.686806 0.077734 0.165278
2 4 0.436719 0.508333 0.139063 0.440278
2 5 0.753906 0.295486 0.210938 0.150694
2 7 0.340234 0.879167 0.053125 0.240278
2 8 0.356055 0.663542 0.050391 0.143750
2 11 0.457031 0.720833 0.070312 0.141667
2 14 0.415430 0.926389 0.056641 0.145833
2 15 0.526367 0.935764 0.061328 0.096528
2 16 0.368555 0.834375 0.072266 0.214583
2 18 0.637109 0.953819 0.085938 0.090972
2 19 0.293750 0.725694 0.167969 0.188889
2 20 0.430273 0.812847 0.066016 0.210417
2 21 0.434375 0.833681 0.085156 0.235417
2 23 0.374609 0.683333 0.072656 0.141667