2 1 0.306055 0.489931 0.174609 0.507639
2 3 0.399805 0.642361 0.087109 0.180556
2 4 0.438672 0.653819 0.134375 0.535417
2 5 0.690820 0.214931 0.118359 0.170139
2 8 0.372070 0.637153 0.059766 0.199306
2 11 0.462891 0.676389 0.091406 0.177778
2 14 0.456250 0.914583 0.046094 0.169444
2 15 0.581445 0.735069 0.069141 0.107639
2 16 0.392578 0.825347 0.073438 0.239583
2 18 0.713867 0.800000 0.111328 0.059722
2 19 0.235547 0.796875 0.239844 0.277083
2 21 0.430469 0.804514 0.117969 0.263194
2 22 0.584766 0.896181 0.040625 0.143750
2 23 0.382617 0.659722 0.074609 0.184722
2 24 0.644531 0.861111 0.031250 0.129167
2 27 0.664258 0.899306 0.131641 0.087500
2 28 0.677930 0.944097 0.144141 0.071528
2 29 0.658789 0.972222 0.123047 0.054167