2 1 0.354102 0.472222 0.169922 0.545833
2 3 0.394531 0.556250 0.130469 0.193056
2 4 0.445703 0.618056 0.142187 0.576389
2 5 0.706641 0.096875 0.115625 0.193750
2 8 0.344141 0.536458 0.093750 0.161806
2 11 0.455273 0.610069 0.094922 0.177083
2 12 0.538867 0.948611 0.041797 0.101389
2 14 0.451172 0.881597 0.048438 0.235417
2 15 0.597266 0.623611 0.090625 0.070833
2 16 0.380078 0.733333 0.104688 0.240278
2 18 0.722852 0.717708 0.115234 0.067361
2 19 0.248242 0.757986 0.174609 0.382639
2 21 0.413281 0.747917 0.132812 0.336111
2 22 0.572852 0.807639 0.042578 0.126389
2 23 0.381836 0.579861 0.075391 0.209722
2 24 0.625000 0.779514 0.032031 0.118750
2 26 0.329492 0.966667 0.080078 0.065278
2 27 0.669727 0.798264 0.123828 0.077083
2 28 0.690234 0.840972 0.140625 0.075000
2 29 0.668555 0.872569 0.126953 0.074306
2 30 0.721094 0.905903 0.152344 0.104861