2 1 0.292187 0.343056 0.211719 0.302778
2 3 0.398242 0.685417 0.080859 0.162500
2 4 0.434375 0.512847 0.139063 0.446528
2 5 0.754492 0.293403 0.213672 0.150694
2 7 0.341992 0.882639 0.054297 0.233333
2 8 0.357812 0.662847 0.050000 0.143750
2 11 0.457422 0.722222 0.070312 0.141667
2 14 0.416602 0.927083 0.058984 0.144444
2 15 0.530664 0.934028 0.066016 0.100000
2 16 0.368555 0.837153 0.069141 0.211806
2 18 0.639258 0.952083 0.088672 0.094444
2 19 0.292773 0.727778 0.173047 0.190278
2 20 0.429297 0.809375 0.066406 0.202083
2 21 0.434570 0.832292 0.084766 0.239583
2 23 0.372852 0.683681 0.076953 0.140972