2 1 0.331836 0.502083 0.165234 0.538889
2 3 0.392773 0.621875 0.105859 0.181250
2 4 0.443164 0.654167 0.132422 0.552778
2 5 0.685352 0.176389 0.105859 0.159722
2 8 0.368945 0.607986 0.053516 0.181250
2 11 0.457813 0.652083 0.085938 0.175000
2 14 0.459570 0.908681 0.043359 0.181250
2 15 0.587109 0.702431 0.078125 0.089583
2 16 0.388477 0.809375 0.085547 0.247917
2 18 0.721484 0.775347 0.112500 0.063194
2 19 0.236133 0.799306 0.231641 0.330556
2 21 0.423242 0.794792 0.124609 0.278472
2 22 0.587891 0.874653 0.042969 0.139583
2 23 0.380273 0.640625 0.070703 0.195139
2 24 0.637305 0.840625 0.035547 0.125694
2 27 0.669141 0.869097 0.127344 0.084028
2 28 0.688281 0.911458 0.142187 0.068750
2 29 0.668750 0.949653 0.125000 0.081250
2 30 0.720898 0.970486 0.159766 0.057639