2 1 0.304102 0.343056 0.201172 0.300000
2 3 0.404297 0.703472 0.057031 0.170833
2 4 0.446289 0.510764 0.130078 0.422917
2 5 0.744531 0.320139 0.187500 0.141667
2 7 0.326953 0.871528 0.054688 0.255556
2 8 0.352734 0.673264 0.050000 0.134028
2 11 0.453711 0.751042 0.065234 0.167361
2 14 0.411133 0.932986 0.055078 0.132639
2 15 0.513477 0.963194 0.060547 0.072222
2 16 0.356836 0.843403 0.080078 0.197917
2 18 0.616016 0.967361 0.066406 0.063889
2 19 0.315625 0.759375 0.142969 0.182639
2 20 0.424414 0.833333 0.051953 0.220833
2 21 0.435156 0.847569 0.085938 0.224306
2 23 0.372461 0.696875 0.066016 0.134028