2 1 0.323047 0.407986 0.157812 0.363194
2 3 0.401953 0.712153 0.057031 0.174306
2 4 0.448437 0.498958 0.124219 0.375694
2 5 0.728516 0.336111 0.164062 0.158333
2 7 0.316797 0.869792 0.061719 0.259028
2 8 0.340039 0.690972 0.064453 0.156944
2 11 0.446680 0.747569 0.062891 0.179861
2 14 0.404492 0.932639 0.052734 0.133333
2 16 0.350781 0.849306 0.084375 0.216667
2 18 0.597070 0.973958 0.058984 0.050694
2 19 0.337109 0.740278 0.060156 0.220833
2 20 0.426367 0.823958 0.036328 0.181250
2 21 0.431055 0.849306 0.083984 0.215278
2 23 0.366992 0.707986 0.065234 0.145139