2 1 0.299609 0.332292 0.207813 0.292361
2 3 0.403711 0.695486 0.061328 0.165972
2 4 0.443555 0.507986 0.131641 0.429861
2 5 0.747070 0.313542 0.192578 0.140972
2 7 0.328516 0.869444 0.053125 0.259722
2 8 0.354492 0.665278 0.045703 0.130556
2 11 0.454688 0.738194 0.065625 0.170833
2 14 0.412305 0.931250 0.056641 0.136111
2 15 0.516016 0.955208 0.057031 0.088194
2 16 0.361328 0.837500 0.077344 0.193056
2 18 0.620117 0.963542 0.071484 0.071528
2 19 0.311914 0.756944 0.159766 0.173611
2 20 0.421680 0.836806 0.057422 0.237500
2 21 0.434570 0.845139 0.085547 0.220833
2 23 0.374414 0.692361 0.062891 0.133333