2 1 0.381641 0.490625 0.202344 0.611806
2 3 0.394336 0.536806 0.145703 0.187500
2 4 0.432617 0.653125 0.196484 0.642361
2 5 0.713281 0.081250 0.092969 0.162500
2 7 0.447656 0.878125 0.044531 0.242361
2 8 0.339258 0.505556 0.108203 0.211111
2 11 0.458398 0.628472 0.100391 0.244444
2 12 0.540820 0.947917 0.048828 0.102778
2 14 0.448047 0.872917 0.064062 0.252778
2 15 0.619922 0.619444 0.103125 0.094444
2 16 0.382422 0.741319 0.121875 0.254861
2 18 0.743164 0.698958 0.112891 0.060417
2 19 0.237695 0.771528 0.162109 0.429167
2 21 0.409180 0.752778 0.140234 0.344444
2 22 0.575000 0.794097 0.048438 0.128472
2 24 0.628320 0.763889 0.031641 0.122222
2 26 0.285156 0.959722 0.150000 0.079167
2 27 0.687109 0.781944 0.117969 0.079167
2 28 0.714453 0.815972 0.148438 0.081944
2 29 0.689648 0.847222 0.126953 0.090278
2 30 0.743750 0.884375 0.160938 0.097917
2 32 0.635156 0.818056 0.028125 0.113889