2 1 0.342578 0.488889 0.162500 0.548611
2 3 0.397852 0.602778 0.075391 0.188889
2 4 0.449414 0.636806 0.137891 0.555556
2 5 0.689063 0.138194 0.114062 0.166667
2 8 0.368359 0.560417 0.057813 0.169444
2 11 0.454492 0.626389 0.088672 0.177778
2 12 0.549023 0.968403 0.035547 0.061806
2 14 0.458398 0.895486 0.044141 0.207639
2 15 0.591406 0.665625 0.082031 0.079861
2 16 0.382812 0.780556 0.090625 0.250000
2 18 0.721094 0.745486 0.111719 0.065972
2 19 0.244727 0.784028 0.216797 0.355556
2 21 0.420117 0.767708 0.129297 0.304861
2 22 0.581641 0.843056 0.041406 0.133333
2 23 0.384961 0.607292 0.061328 0.189583
2 24 0.636328 0.813194 0.032813 0.118056
2 26 0.356836 0.985764 0.046484 0.027083
2 27 0.669336 0.835764 0.124609 0.079861
2 28 0.688086 0.878125 0.140234 0.071528
2 29 0.668164 0.913194 0.120703 0.079167
2 30 0.718359 0.946528 0.153906 0.094444