2 1 0.301367 0.335764 0.206641 0.293750
2 3 0.404297 0.699306 0.059375 0.168056
2 4 0.444727 0.509375 0.132422 0.427083
2 5 0.745898 0.316667 0.190234 0.141667
2 7 0.327344 0.869097 0.053906 0.260417
2 8 0.354687 0.668403 0.047656 0.132639
2 11 0.454297 0.745139 0.065625 0.169444
2 14 0.411914 0.932292 0.055859 0.134028
2 15 0.514453 0.959375 0.058594 0.079861
2 16 0.359180 0.839931 0.078516 0.195139
2 18 0.618164 0.965625 0.069141 0.067361
2 19 0.314063 0.757986 0.151562 0.178472
2 20 0.421484 0.838194 0.057813 0.234722
2 21 0.434961 0.846181 0.085547 0.222917
2 23 0.373242 0.694444 0.064453 0.133333