2 1 0.265430 0.435417 0.216797 0.408333
2 3 0.397461 0.684375 0.071484 0.179861
2 4 0.419141 0.616319 0.146875 0.504861
2 5 0.732422 0.224306 0.208594 0.155556
2 7 0.383984 0.910417 0.060156 0.177778
2 8 0.350977 0.671528 0.059766 0.181944
2 11 0.461328 0.742014 0.075000 0.203472
2 14 0.432812 0.922569 0.053125 0.153472
2 15 0.549609 0.829514 0.060937 0.113194
2 16 0.380859 0.841319 0.054688 0.210417
2 18 0.677344 0.898611 0.112500 0.084722
2 19 0.238477 0.730208 0.239453 0.150694
2 20 0.425195 0.791319 0.068359 0.179861
2 21 0.429492 0.848611 0.098047 0.252778
2 22 0.581250 0.951389 0.028125 0.095833
2 23 0.377734 0.686111 0.069531 0.168056
2 24 0.630469 0.938889 0.027344 0.120833
2 27 0.608594 0.978819 0.082812 0.040972