2 1 0.306641 0.351042 0.195312 0.306250
2 3 0.404102 0.705556 0.057422 0.170833
2 4 0.448047 0.511111 0.127344 0.418056
2 5 0.743359 0.323264 0.185156 0.142361
2 7 0.326562 0.874306 0.055469 0.250000
2 8 0.350586 0.678125 0.051953 0.135417
2 11 0.453906 0.754514 0.064844 0.168750
2 14 0.410547 0.934028 0.054688 0.130556
2 15 0.513672 0.965625 0.058594 0.067361
2 16 0.354687 0.845833 0.081250 0.200000
2 18 0.614062 0.969444 0.064062 0.059722
2 19 0.317383 0.760417 0.134766 0.187500
2 20 0.427930 0.828125 0.046484 0.206250
2 21 0.435547 0.849653 0.085156 0.222917
2 23 0.371289 0.698958 0.067578 0.134028