2 1 0.391602 0.512847 0.209766 0.647917
2 3 0.391211 0.537500 0.151172 0.194444
2 4 0.428906 0.670833 0.206250 0.662500
2 5 0.717969 0.072222 0.097656 0.144444
2 7 0.447070 0.884375 0.049609 0.229861
2 8 0.334570 0.503819 0.113672 0.218750
2 11 0.455273 0.628472 0.108203 0.272222
2 12 0.541602 0.948264 0.048828 0.102083
2 14 0.446680 0.874653 0.062891 0.249306
2 15 0.629297 0.622917 0.101562 0.104167
2 16 0.380078 0.742014 0.125000 0.270139
2 18 0.750000 0.696528 0.110937 0.063889
2 19 0.232617 0.779514 0.157422 0.439583
2 21 0.404297 0.745486 0.147656 0.353472
2 22 0.573633 0.793056 0.049609 0.127778
2 24 0.628516 0.767014 0.033594 0.113194
2 26 0.291016 0.962500 0.115625 0.073611
2 27 0.695508 0.780556 0.115234 0.079167
2 28 0.724609 0.813889 0.150781 0.079167
2 29 0.697266 0.843056 0.133594 0.080556
2 30 0.753320 0.880556 0.162891 0.095833
2 32 0.636523 0.815278 0.030859 0.131944