2 1 0.314844 0.497917 0.170313 0.516667
2 3 0.401953 0.634375 0.094531 0.193750
2 4 0.439453 0.657639 0.133594 0.540278
2 5 0.688867 0.212847 0.107422 0.167361
2 8 0.373437 0.627083 0.059375 0.183333
2 11 0.461328 0.673958 0.085938 0.177083
2 14 0.458203 0.913542 0.042969 0.171528
2 15 0.584961 0.730903 0.072266 0.104861
2 16 0.398828 0.820139 0.063281 0.230556
2 18 0.716797 0.796181 0.110156 0.061806
2 19 0.236719 0.803125 0.245312 0.285417
2 21 0.429492 0.802778 0.121484 0.276389
2 22 0.584961 0.894444 0.039453 0.143056
2 23 0.384375 0.658681 0.080469 0.195139
2 24 0.642383 0.857986 0.032422 0.127083
2 27 0.666992 0.894097 0.130078 0.086806
2 28 0.681055 0.936806 0.143359 0.072222
2 29 0.662305 0.969444 0.123047 0.059722