2 1 0.295703 0.327778 0.210938 0.290278
2 3 0.397070 0.689931 0.071484 0.170139
2 4 0.439844 0.504861 0.135937 0.434722
2 5 0.751758 0.300000 0.204297 0.145833
2 7 0.335547 0.873958 0.051562 0.250694
2 8 0.355859 0.659375 0.046875 0.138194
2 11 0.456250 0.721181 0.064844 0.150694
2 14 0.413281 0.925347 0.052344 0.147917
2 15 0.517578 0.938889 0.052344 0.088889
2 16 0.369922 0.834028 0.069531 0.206944
2 18 0.633008 0.957292 0.080078 0.084028
2 19 0.298438 0.731944 0.164062 0.181944
2 20 0.427930 0.821528 0.062109 0.226389
2 21 0.434375 0.837500 0.085156 0.227778
2 23 0.371875 0.685069 0.072656 0.142361