2 1 0.275000 0.401389 0.215625 0.370833
2 3 0.396289 0.695833 0.071484 0.173611
2 4 0.420312 0.576042 0.144531 0.477083
2 5 0.747461 0.266319 0.230078 0.134028
2 7 0.356445 0.902083 0.053516 0.194444
2 8 0.350781 0.661458 0.058594 0.125694
2 11 0.453320 0.743056 0.070703 0.168056
2 14 0.417969 0.937847 0.052344 0.122917
2 15 0.535547 0.893750 0.059375 0.106944
2 16 0.367578 0.868403 0.064062 0.228472
2 18 0.662695 0.944097 0.105859 0.100694
2 19 0.262109 0.754167 0.210156 0.198611
2 20 0.426172 0.811111 0.070312 0.194444
2 21 0.431250 0.855556 0.090625 0.241667
2 22 0.579297 0.970833 0.024219 0.056944
2 23 0.367773 0.704514 0.078516 0.165972
2 24 0.625977 0.956250 0.024609 0.086111