2 1 0.334570 0.500694 0.162891 0.541667
2 3 0.391602 0.617708 0.104297 0.186806
2 4 0.444922 0.650000 0.133594 0.552778
2 5 0.685937 0.161806 0.107031 0.147222
2 8 0.368750 0.588889 0.053125 0.158333
2 11 0.457227 0.645139 0.085547 0.175000
2 14 0.459961 0.906944 0.043359 0.184722
2 15 0.590234 0.694097 0.080469 0.086806
2 16 0.388281 0.803125 0.084375 0.246528
2 18 0.721484 0.768056 0.112500 0.063889
2 19 0.238867 0.795833 0.229297 0.337500
2 21 0.422461 0.789931 0.124609 0.284028
2 22 0.586133 0.866667 0.042578 0.137500
2 23 0.380273 0.635069 0.071484 0.196528
2 24 0.637500 0.833681 0.035156 0.122917
2 27 0.669336 0.860069 0.126953 0.082639
2 28 0.688477 0.903125 0.141797 0.068750
2 29 0.668750 0.940972 0.125000 0.080556
2 30 0.720117 0.965278 0.158203 0.068056