2 1 0.298047 0.328472 0.209375 0.290278
2 3 0.403711 0.691319 0.063672 0.163194
2 4 0.442969 0.506944 0.131250 0.431944
2 5 0.748047 0.309722 0.195312 0.141667
2 7 0.330078 0.869792 0.052344 0.259028
2 8 0.353711 0.661458 0.043359 0.128472
2 11 0.455273 0.734722 0.064453 0.163889
2 14 0.413086 0.930556 0.057422 0.137500
2 15 0.516992 0.951389 0.055078 0.095833
2 16 0.364453 0.836458 0.074219 0.196528
2 18 0.623633 0.962500 0.073828 0.075000
2 19 0.310156 0.755208 0.167969 0.168750
2 20 0.421289 0.834375 0.056641 0.239583
2 21 0.434375 0.843750 0.085156 0.219444
2 23 0.373242 0.690278 0.066016 0.136111