2 1 0.279102 0.452431 0.207422 0.432639
2 3 0.402734 0.653472 0.073438 0.177778
2 4 0.432422 0.630903 0.135937 0.513194
2 5 0.710742 0.215625 0.166016 0.139583
2 7 0.406055 0.910764 0.071484 0.177083
2 8 0.360156 0.640972 0.060937 0.193056
2 11 0.466602 0.696528 0.070703 0.172222
2 14 0.448242 0.912500 0.046484 0.173611
2 15 0.572656 0.762500 0.060937 0.101389
2 16 0.393164 0.821181 0.065234 0.217361
2 18 0.698438 0.831250 0.109375 0.066667
2 19 0.248828 0.758333 0.228125 0.263889
2 21 0.435156 0.812500 0.108594 0.261111
2 22 0.583789 0.918750 0.041797 0.144444
2 23 0.388086 0.650347 0.073828 0.161806
2 24 0.642969 0.888194 0.034375 0.127778
2 27 0.650781 0.937500 0.131250 0.094444
2 28 0.663281 0.974653 0.137500 0.049306