2 1 0.302539 0.486111 0.177734 0.497222
2 3 0.398828 0.646181 0.083594 0.174306
2 4 0.438477 0.651389 0.135547 0.533333
2 5 0.691992 0.216319 0.123828 0.171528
2 8 0.371289 0.642014 0.061328 0.207639
2 11 0.462891 0.678472 0.090625 0.176389
2 14 0.455078 0.915278 0.047656 0.168056
2 15 0.580859 0.737153 0.069531 0.104861
2 16 0.389648 0.828125 0.078516 0.243750
2 18 0.711914 0.802778 0.111328 0.061111
2 19 0.235742 0.792014 0.237109 0.277083
2 21 0.430859 0.804861 0.116406 0.263889
2 22 0.585156 0.896875 0.041406 0.145139
2 23 0.381836 0.660417 0.071484 0.179167
2 24 0.644141 0.863194 0.032031 0.130556
2 27 0.662695 0.902778 0.132422 0.088889
2 28 0.676172 0.947917 0.145313 0.072222
2 29 0.657422 0.973264 0.121875 0.052083