2 1 0.393359 0.516667 0.210156 0.656944
2 3 0.390430 0.537153 0.153516 0.192361
2 4 0.427539 0.669444 0.208203 0.661111
2 5 0.718945 0.069444 0.097266 0.138889
2 7 0.448047 0.885417 0.048438 0.229167
2 8 0.333398 0.506597 0.115234 0.218750
2 11 0.452930 0.628819 0.112891 0.278472
2 12 0.541406 0.948264 0.049219 0.102083
2 14 0.446875 0.875000 0.063281 0.248611
2 15 0.629102 0.620833 0.101953 0.102778
2 16 0.379492 0.740972 0.124609 0.272222
2 18 0.751367 0.695139 0.110547 0.065278
2 19 0.231641 0.779861 0.157031 0.438889
2 21 0.403125 0.742708 0.149219 0.357639
2 22 0.573633 0.790972 0.048828 0.129167
2 24 0.628906 0.764236 0.032031 0.114583
2 26 0.287305 0.963194 0.114453 0.072222
2 27 0.696094 0.778125 0.114062 0.078472
2 28 0.725000 0.809375 0.151562 0.078472
2 29 0.699414 0.838889 0.132422 0.080556
2 30 0.755469 0.878472 0.162500 0.094444
2 32 0.636719 0.812847 0.031250 0.134028