2 1 0.287305 0.465625 0.194922 0.463194
2 3 0.400781 0.648958 0.075000 0.174306
2 4 0.435547 0.639236 0.135937 0.528472
2 5 0.699414 0.224306 0.144141 0.150000
2 8 0.359180 0.642014 0.068359 0.210417
2 11 0.464648 0.688889 0.082422 0.173611
2 14 0.450195 0.915278 0.049609 0.168056
2 15 0.576562 0.744792 0.063281 0.106250
2 16 0.390625 0.827083 0.070312 0.226389
2 18 0.703906 0.817014 0.111719 0.067361
2 19 0.241797 0.771528 0.231250 0.279167
2 21 0.433594 0.808681 0.111719 0.267361
2 22 0.585352 0.907639 0.040234 0.145833
2 23 0.382812 0.659375 0.076563 0.165972
2 24 0.643359 0.874306 0.030469 0.125000
2 27 0.655859 0.920833 0.132812 0.095833
2 28 0.667578 0.963194 0.140625 0.068056
2 29 0.654102 0.982639 0.111328 0.033333