2 1 0.268945 0.443056 0.219141 0.411111
2 3 0.402148 0.662847 0.073828 0.185417
2 4 0.424219 0.625694 0.139844 0.509722
2 5 0.721680 0.209028 0.191797 0.144444
2 7 0.399219 0.906250 0.063281 0.186111
2 8 0.359180 0.658681 0.054297 0.193750
2 11 0.463477 0.714931 0.073828 0.177083
2 14 0.441211 0.911458 0.048047 0.175694
2 15 0.560352 0.792014 0.050391 0.104861
2 16 0.389062 0.826736 0.060937 0.210417
2 18 0.690820 0.862153 0.112109 0.071528
2 19 0.244922 0.730903 0.239063 0.196528
2 20 0.430469 0.772917 0.063281 0.165278
2 21 0.433594 0.827083 0.101562 0.256944
2 22 0.581250 0.933333 0.035156 0.131944
2 23 0.383594 0.661458 0.064844 0.156250
2 24 0.636523 0.919097 0.026172 0.149306
2 27 0.640625 0.962500 0.127344 0.073611