2 1 0.295117 0.477778 0.183984 0.476389
2 3 0.402539 0.642361 0.076172 0.179167
2 4 0.437305 0.646181 0.136328 0.531250
2 5 0.696094 0.223611 0.135156 0.172222
2 8 0.364648 0.640625 0.063672 0.209028
2 11 0.463086 0.681597 0.088672 0.172917
2 14 0.451562 0.914236 0.052344 0.170139
2 15 0.579883 0.740972 0.069922 0.098611
2 16 0.389453 0.827083 0.074219 0.236111
2 18 0.707812 0.809375 0.111719 0.064583
2 19 0.237500 0.785417 0.233594 0.275000
2 21 0.431445 0.806250 0.113672 0.265278
2 22 0.585352 0.900347 0.041016 0.146528
2 23 0.382031 0.663542 0.070312 0.170139
2 24 0.643555 0.867361 0.031641 0.129167
2 27 0.659570 0.909722 0.133203 0.091667
2 28 0.672852 0.953819 0.144141 0.072917
2 29 0.655273 0.975000 0.119922 0.048611