2 1 0.281250 0.456944 0.204687 0.437500
2 3 0.401758 0.652778 0.074609 0.176389
2 4 0.433008 0.632292 0.135547 0.515972
2 5 0.707031 0.218750 0.159375 0.140278
2 7 0.409180 0.913194 0.070703 0.172222
2 8 0.359180 0.639236 0.061328 0.192361
2 11 0.466406 0.693750 0.071875 0.170833
2 14 0.449219 0.913889 0.046875 0.170833
2 15 0.574219 0.759028 0.063281 0.097222
2 16 0.392578 0.823611 0.066406 0.219444
2 18 0.700195 0.826042 0.110547 0.067361
2 19 0.247070 0.761458 0.228516 0.272917
2 21 0.434375 0.809028 0.110156 0.262500
2 22 0.584961 0.914931 0.043359 0.143750
2 23 0.386328 0.652431 0.075781 0.163194
2 24 0.642969 0.885069 0.033594 0.127083
2 27 0.652148 0.932292 0.130859 0.096528
2 28 0.662891 0.972222 0.139844 0.054167