2 1 0.352734 0.474306 0.167969 0.545833
2 3 0.396875 0.560417 0.121875 0.191667
2 4 0.445508 0.619792 0.139453 0.572917
2 5 0.702734 0.099306 0.114844 0.204167
2 8 0.348047 0.542014 0.087500 0.156250
2 11 0.455664 0.612500 0.093359 0.172222
2 12 0.538867 0.950347 0.041016 0.097917
2 14 0.452344 0.884028 0.046875 0.230556
2 15 0.595508 0.631597 0.087891 0.071528
2 16 0.380469 0.738194 0.102344 0.236111
2 18 0.721680 0.721875 0.116016 0.067361
2 19 0.247266 0.759375 0.178906 0.378472
2 21 0.413281 0.748958 0.132812 0.331250
2 22 0.574414 0.812500 0.041797 0.127778
2 23 0.381836 0.582986 0.071484 0.206250
2 24 0.625000 0.781944 0.032813 0.119444
2 26 0.332813 0.969444 0.074219 0.059722
2 27 0.669727 0.802431 0.122266 0.078472
2 28 0.688672 0.844444 0.141406 0.075000
2 29 0.667773 0.877778 0.125391 0.073611
2 30 0.719141 0.911111 0.153906 0.108333