2 1 0.366602 0.470833 0.192578 0.568056
2 3 0.393945 0.541319 0.133984 0.185417
2 4 0.441797 0.621181 0.173437 0.593750
2 5 0.705469 0.090625 0.092188 0.182639
2 7 0.447461 0.875694 0.037891 0.247222
2 8 0.341602 0.528472 0.101953 0.165278
2 11 0.450977 0.615972 0.108984 0.211111
2 12 0.540234 0.945833 0.047656 0.106944
2 14 0.450781 0.875347 0.056250 0.247917
2 15 0.611133 0.611806 0.106641 0.087500
2 16 0.388086 0.720139 0.126172 0.276389
2 18 0.732227 0.702778 0.112109 0.063889
2 19 0.243359 0.760417 0.160938 0.409722
2 21 0.410938 0.753819 0.134375 0.349306
2 22 0.575195 0.798264 0.046484 0.131250
2 24 0.627930 0.765625 0.033984 0.114583
2 26 0.313672 0.960764 0.098437 0.077083
2 27 0.675977 0.784722 0.128516 0.080556
2 28 0.702734 0.822917 0.145313 0.081944
2 29 0.681445 0.850347 0.126953 0.077083
2 30 0.733789 0.888194 0.153516 0.094444