2 1 0.275195 0.447222 0.212891 0.425000
2 3 0.404297 0.654861 0.071094 0.180556
2 4 0.429688 0.628472 0.136719 0.509722
2 5 0.716211 0.211806 0.179297 0.141667
2 7 0.406055 0.910764 0.069141 0.177083
2 8 0.360547 0.648264 0.063281 0.192361
2 11 0.467187 0.701736 0.068750 0.174306
2 14 0.444727 0.907639 0.051172 0.183333
2 15 0.568945 0.769444 0.055859 0.109722
2 16 0.392578 0.823958 0.062500 0.213194
2 18 0.694336 0.840278 0.106641 0.065278
2 19 0.250195 0.750347 0.231641 0.245139
2 21 0.436719 0.819792 0.105469 0.257639
2 22 0.582031 0.923958 0.041406 0.143750
2 23 0.380078 0.658333 0.083594 0.169444
2 24 0.640820 0.898958 0.031641 0.145139
2 27 0.647266 0.947222 0.131250 0.090278
2 28 0.662695 0.980556 0.129297 0.037500