2 1 0.294727 0.332639 0.211328 0.294444
2 3 0.397461 0.688542 0.074609 0.167361
2 4 0.438867 0.504861 0.138672 0.434722
2 5 0.752734 0.297917 0.207813 0.148611
2 7 0.337891 0.875694 0.051562 0.247222
2 8 0.353906 0.663542 0.050781 0.143750
2 11 0.456836 0.721181 0.067578 0.146528
2 14 0.414453 0.926042 0.054688 0.146528
2 15 0.521875 0.937153 0.057031 0.092361
2 16 0.369336 0.834375 0.070703 0.210417
2 18 0.635156 0.955556 0.082812 0.087500
2 19 0.294531 0.723611 0.162500 0.186111
2 20 0.431445 0.815278 0.065234 0.218056
2 21 0.434375 0.835417 0.085156 0.230556
2 23 0.373437 0.684028 0.072656 0.141667