2 1 0.271094 0.443403 0.218750 0.414583
2 3 0.402930 0.660069 0.077734 0.188194
2 4 0.425781 0.625694 0.139063 0.508333
2 5 0.720703 0.209375 0.189844 0.143750
2 7 0.404297 0.906250 0.058594 0.186111
2 8 0.358789 0.661458 0.060547 0.193750
2 11 0.464258 0.711111 0.072266 0.175000
2 14 0.441797 0.909375 0.050000 0.179861
2 15 0.561133 0.787500 0.048828 0.100000
2 16 0.390234 0.826042 0.060937 0.210417
2 18 0.691797 0.856597 0.110937 0.070139
2 19 0.247070 0.735764 0.238672 0.211806
2 20 0.431836 0.769792 0.060547 0.161806
2 21 0.434375 0.823958 0.103906 0.259028
2 22 0.580469 0.930903 0.039062 0.136806
2 23 0.381250 0.661458 0.072656 0.161806
2 24 0.637695 0.914236 0.027734 0.150694
2 27 0.642773 0.960069 0.127734 0.078472