2 1 0.345313 0.484028 0.163281 0.551389
2 3 0.398828 0.590972 0.085156 0.188889
2 4 0.448242 0.631597 0.135547 0.557639
2 5 0.691016 0.130903 0.114062 0.177083
2 8 0.363477 0.559028 0.062109 0.162500
2 11 0.453320 0.620486 0.090234 0.179861
2 12 0.546875 0.964236 0.037500 0.070139
2 14 0.457031 0.893403 0.043750 0.211806
2 15 0.590234 0.655903 0.081250 0.078472
2 16 0.382422 0.769792 0.092969 0.242361
2 18 0.720898 0.740625 0.112891 0.065972
2 19 0.244922 0.778472 0.209375 0.361111
2 21 0.419336 0.758333 0.131641 0.312500
2 22 0.579883 0.834722 0.040234 0.131944
2 23 0.383789 0.601042 0.062109 0.192361
2 24 0.634961 0.806250 0.031641 0.119444
2 26 0.350781 0.981597 0.052344 0.035417
2 27 0.668945 0.828819 0.123047 0.079861
2 28 0.688281 0.870486 0.139844 0.075694
2 29 0.667969 0.903819 0.118750 0.078472
2 30 0.718750 0.937847 0.153125 0.099306