2 1 0.379297 0.485069 0.200000 0.604861
2 3 0.395313 0.536806 0.144531 0.187500
2 4 0.433984 0.647569 0.192969 0.634028
2 5 0.711719 0.082639 0.092188 0.165278
2 7 0.450000 0.877083 0.042969 0.244444
2 8 0.333203 0.511111 0.098437 0.204167
2 11 0.456055 0.625347 0.104297 0.238194
2 12 0.541211 0.947222 0.048828 0.104167
2 14 0.448828 0.872569 0.064844 0.253472
2 15 0.618555 0.617361 0.103516 0.088889
2 16 0.383008 0.739931 0.119922 0.249306
2 18 0.740625 0.699653 0.113281 0.061806
2 19 0.238477 0.768403 0.162891 0.424306
2 21 0.410156 0.753819 0.138281 0.343750
2 22 0.574219 0.793750 0.046875 0.130556
2 24 0.627930 0.762847 0.031641 0.121528
2 26 0.287109 0.959722 0.144531 0.079167
2 27 0.685156 0.781944 0.119531 0.080556
2 28 0.713281 0.814583 0.146875 0.083333
2 29 0.688086 0.845833 0.126953 0.087500
2 30 0.741016 0.885417 0.161719 0.097222