2 1 0.267188 0.441667 0.219531 0.406944
2 3 0.401172 0.665625 0.070312 0.182639
2 4 0.423242 0.625347 0.141016 0.510417
2 5 0.722852 0.209375 0.193359 0.145139
2 7 0.398633 0.906250 0.058984 0.186111
2 8 0.358984 0.655903 0.047656 0.193750
2 11 0.462891 0.719444 0.075000 0.179167
2 14 0.439844 0.912153 0.048438 0.174306
2 15 0.559570 0.796875 0.051953 0.110417
2 16 0.387500 0.829514 0.056250 0.210417
2 18 0.689063 0.867361 0.111719 0.072222
2 19 0.243164 0.725347 0.239453 0.181250
2 20 0.428906 0.775694 0.065625 0.169444
2 21 0.433398 0.830208 0.099609 0.254861
2 22 0.581641 0.936111 0.031250 0.126389
2 23 0.381836 0.664236 0.066797 0.159028
2 24 0.635742 0.921181 0.025391 0.149306
2 27 0.638672 0.964931 0.126562 0.068750