2 1 0.322656 0.502778 0.167969 0.526389
2 3 0.398438 0.635069 0.101562 0.184028
2 4 0.439258 0.660764 0.133203 0.545139
2 5 0.685547 0.199653 0.104688 0.163194
2 8 0.373047 0.621528 0.062500 0.177778
2 11 0.459570 0.668056 0.083984 0.176389
2 14 0.458789 0.912500 0.043359 0.173611
2 15 0.585938 0.722917 0.074219 0.100000
2 16 0.391992 0.821875 0.079297 0.243750
2 18 0.719336 0.792014 0.110547 0.064583
2 19 0.229687 0.806250 0.231250 0.301389
2 21 0.427539 0.801042 0.123828 0.279861
2 22 0.585742 0.892361 0.039453 0.144444
2 23 0.381445 0.654167 0.073047 0.193056
2 24 0.637109 0.856250 0.036719 0.125000
2 27 0.669141 0.888542 0.127344 0.088194
2 28 0.682813 0.928125 0.143750 0.074306
2 29 0.665430 0.964931 0.123828 0.068750
2 30 0.703516 0.979861 0.118750 0.040278