2 1 0.329102 0.503819 0.167578 0.536806
2 3 0.393945 0.627431 0.107422 0.178472
2 4 0.441797 0.656250 0.132812 0.550000
2 5 0.684766 0.185069 0.104688 0.160417
2 8 0.370508 0.613889 0.058984 0.180556
2 11 0.458594 0.658681 0.085938 0.175694
2 14 0.459570 0.910417 0.043359 0.177778
2 15 0.584180 0.710417 0.075391 0.093056
2 16 0.388477 0.815972 0.086328 0.248611
2 18 0.720703 0.781250 0.111719 0.063889
2 19 0.234180 0.801389 0.231641 0.320833
2 21 0.424609 0.799306 0.125000 0.273611
2 22 0.587305 0.880208 0.041797 0.140972
2 23 0.380078 0.646181 0.070312 0.193750
2 24 0.637109 0.846181 0.035937 0.125694
2 27 0.669141 0.875347 0.127344 0.085417
2 28 0.686523 0.917361 0.142578 0.070833
2 29 0.668359 0.958333 0.125000 0.081944
2 30 0.720508 0.974306 0.155859 0.051389