2 1 0.372266 0.475694 0.195312 0.580556
2 3 0.394727 0.541319 0.131641 0.179861
2 4 0.438477 0.628472 0.182422 0.606944
2 5 0.707227 0.087500 0.094141 0.176389
2 7 0.447852 0.875694 0.034766 0.247222
2 8 0.340820 0.522222 0.105859 0.176389
2 11 0.451172 0.617708 0.110937 0.220139
2 12 0.541016 0.946528 0.048438 0.105556
2 14 0.451562 0.872917 0.057813 0.252778
2 15 0.613867 0.612500 0.105078 0.080556
2 16 0.386523 0.735069 0.125391 0.249306
2 18 0.734766 0.700694 0.113281 0.063889
2 19 0.241211 0.761806 0.162891 0.413889
2 21 0.410156 0.752778 0.135937 0.344444
2 22 0.575000 0.796181 0.046094 0.131250
2 24 0.627148 0.763889 0.032422 0.116667
2 26 0.295117 0.960764 0.128516 0.078472
2 27 0.679492 0.783333 0.126953 0.081944
2 28 0.707031 0.817361 0.144531 0.084722
2 29 0.683594 0.845833 0.126562 0.080556
2 30 0.737109 0.885764 0.156250 0.095139