2 1 0.377344 0.481944 0.198437 0.595833
2 3 0.395117 0.538194 0.140234 0.184722
2 4 0.435156 0.642361 0.189062 0.626389
2 5 0.709570 0.083681 0.091016 0.167361
2 7 0.452148 0.876042 0.041016 0.246528
2 8 0.337305 0.514583 0.105078 0.195833
2 11 0.453711 0.621875 0.108203 0.231250
2 12 0.541602 0.946875 0.048828 0.104861
2 14 0.449609 0.872569 0.062500 0.253472
2 15 0.616797 0.614931 0.103906 0.082639
2 16 0.384375 0.738542 0.121875 0.249306
2 18 0.738281 0.699306 0.113281 0.062500
2 19 0.239648 0.764931 0.163672 0.418750
2 21 0.410156 0.753125 0.137500 0.343750
2 22 0.573633 0.793750 0.045703 0.133333
2 24 0.627539 0.762153 0.031641 0.120139
2 26 0.288672 0.960069 0.139063 0.078472
2 27 0.682617 0.781944 0.120703 0.081944
2 28 0.711719 0.812500 0.145313 0.084722
2 29 0.686328 0.845139 0.126562 0.084722
2 30 0.738281 0.886458 0.162500 0.096528