2 1 0.359375 0.468403 0.178906 0.546528
2 3 0.394922 0.544444 0.133594 0.186111
2 4 0.445312 0.616667 0.152344 0.584722
2 5 0.713086 0.091319 0.119922 0.182639
2 8 0.345313 0.529861 0.094531 0.161111
2 11 0.453516 0.611111 0.096094 0.188889
2 12 0.538477 0.944792 0.044141 0.109028
2 14 0.450195 0.875347 0.054297 0.247917
2 15 0.602539 0.615625 0.094922 0.082639
2 16 0.391211 0.716667 0.128516 0.273611
2 18 0.726758 0.708681 0.113672 0.067361
2 19 0.249219 0.755556 0.164062 0.394444
2 21 0.412305 0.747222 0.133984 0.343056
2 22 0.574219 0.801389 0.046094 0.130556
2 23 0.382227 0.549653 0.071484 0.164583
2 24 0.626758 0.772222 0.032422 0.116667
2 26 0.321875 0.963542 0.092969 0.071528
2 27 0.670312 0.788542 0.126562 0.075694
2 28 0.694922 0.831944 0.142187 0.075000
2 29 0.673047 0.860764 0.128125 0.078472
2 30 0.725781 0.895833 0.150781 0.097222