2 1 0.320898 0.405556 0.161328 0.362500
2 3 0.403125 0.712153 0.053906 0.172917
2 4 0.449023 0.502778 0.122266 0.381944
2 5 0.730469 0.335764 0.165625 0.154861
2 7 0.317969 0.871528 0.063281 0.255556
2 8 0.339648 0.691667 0.066797 0.156944
2 11 0.446875 0.746528 0.062500 0.188889
2 14 0.405469 0.934028 0.052344 0.130556
2 16 0.350977 0.850694 0.085547 0.215278
2 18 0.600391 0.974653 0.057813 0.049306
2 19 0.335156 0.741319 0.072656 0.214583
2 20 0.428516 0.825347 0.039062 0.188194
2 21 0.432227 0.850694 0.083984 0.213889
2 23 0.365820 0.711111 0.067578 0.147222