2 1 0.318945 0.398264 0.166797 0.354861
2 3 0.404297 0.712153 0.050781 0.171528
2 4 0.449023 0.505903 0.123047 0.388194
2 5 0.732227 0.334375 0.167578 0.150694
2 7 0.319141 0.872917 0.062500 0.252778
2 8 0.338672 0.691319 0.068750 0.156250
2 11 0.449023 0.749653 0.064453 0.189583
2 14 0.406641 0.935764 0.052344 0.127083
2 16 0.350977 0.852431 0.086328 0.213194
2 18 0.603516 0.975000 0.057031 0.048611
2 19 0.332813 0.743403 0.085156 0.209028
2 20 0.429297 0.824306 0.038281 0.191667
2 21 0.432812 0.852431 0.083594 0.213194
2 23 0.364453 0.713194 0.070312 0.148611