2 1 0.310352 0.494444 0.172266 0.512500
2 3 0.400977 0.638194 0.091016 0.187500
2 4 0.439453 0.656597 0.133594 0.538194
2 5 0.690039 0.214236 0.112891 0.168750
2 8 0.372852 0.631250 0.058203 0.190278
2 11 0.461914 0.675694 0.088672 0.177778
2 14 0.457031 0.914236 0.044531 0.170139
2 15 0.583398 0.732986 0.070703 0.106250
2 16 0.395898 0.822917 0.068359 0.234722
2 18 0.715625 0.797917 0.110937 0.061111
2 19 0.235352 0.801736 0.242578 0.277083
2 21 0.429883 0.803472 0.119922 0.269444
2 22 0.584570 0.895486 0.039453 0.142361
2 23 0.383594 0.659375 0.077344 0.189583
2 24 0.644922 0.858681 0.030469 0.128472
2 27 0.666016 0.896528 0.131250 0.086111
2 28 0.680078 0.940972 0.142969 0.070833
2 29 0.660352 0.970833 0.123047 0.056944