2 1 0.296094 0.326736 0.210938 0.289583
2 3 0.399219 0.690278 0.068750 0.168056
2 4 0.440820 0.505556 0.133203 0.434722
2 5 0.750586 0.302431 0.201172 0.143750
2 7 0.333594 0.871875 0.051562 0.254861
2 8 0.357227 0.655208 0.042578 0.132639
2 11 0.456250 0.726042 0.064062 0.153472
2 14 0.413281 0.927083 0.053906 0.144444
2 15 0.517188 0.942708 0.053125 0.090972
2 16 0.370703 0.834028 0.067969 0.202778
2 18 0.630078 0.959375 0.078125 0.081250
2 19 0.302539 0.739583 0.165234 0.177778
2 20 0.425000 0.826736 0.059375 0.234028
2 21 0.434375 0.839583 0.085156 0.225000
2 23 0.370703 0.685764 0.072656 0.142361