2 1 0.316406 0.390972 0.171875 0.347222
2 3 0.405469 0.712153 0.047656 0.170139
2 4 0.449609 0.508681 0.124219 0.393750
2 5 0.734375 0.332986 0.170313 0.147917
2 7 0.320508 0.874653 0.061328 0.249306
2 8 0.340039 0.690278 0.068359 0.155556
2 11 0.450586 0.751736 0.066016 0.189583
2 14 0.407617 0.937153 0.051953 0.124306
2 16 0.352148 0.852083 0.086328 0.209722
2 18 0.606250 0.974653 0.057031 0.049306
2 19 0.330859 0.744444 0.097656 0.202778
2 20 0.430273 0.823611 0.037109 0.195833
2 21 0.433984 0.853819 0.083594 0.211806
2 23 0.366992 0.711111 0.068359 0.145833