2 1 0.388672 0.507292 0.207813 0.638194
2 3 0.391992 0.537500 0.149609 0.191667
2 4 0.429883 0.666667 0.204297 0.658333
2 5 0.716992 0.075000 0.096484 0.150000
2 7 0.447070 0.883333 0.048828 0.233333
2 8 0.336133 0.504861 0.109766 0.218056
2 11 0.458008 0.628819 0.103516 0.265972
2 12 0.541211 0.948264 0.048828 0.102083
2 14 0.446680 0.873958 0.062891 0.250694
2 15 0.628906 0.624653 0.100781 0.104861
2 16 0.380664 0.742708 0.125391 0.268750
2 18 0.748437 0.697222 0.111719 0.062500
2 19 0.233398 0.779167 0.157422 0.440278
2 21 0.405664 0.748264 0.145703 0.349306
2 22 0.574414 0.793403 0.049609 0.127083
2 24 0.628516 0.765972 0.032813 0.116667
2 26 0.294141 0.961806 0.116406 0.075000
2 27 0.693359 0.780903 0.115625 0.078472
2 28 0.721680 0.815625 0.150391 0.079861
2 29 0.695312 0.844444 0.132031 0.083333
2 30 0.751563 0.883681 0.163281 0.097917
2 32 0.636133 0.816667 0.030078 0.129167