2 1 0.383398 0.495833 0.204297 0.618056
2 3 0.393555 0.537153 0.146484 0.188194
2 4 0.431445 0.658333 0.200391 0.650000
2 5 0.715430 0.080208 0.094141 0.160417
2 7 0.447266 0.880208 0.046094 0.239583
2 8 0.338281 0.505903 0.107031 0.214583
2 11 0.458203 0.628472 0.101562 0.251389
2 12 0.540430 0.948264 0.048828 0.102083
2 14 0.447266 0.873264 0.063281 0.252083
2 15 0.623047 0.621181 0.102344 0.097917
2 16 0.381836 0.742361 0.123828 0.261111
2 18 0.745313 0.698958 0.112500 0.059028
2 19 0.236133 0.773958 0.160547 0.432639
2 21 0.407813 0.752083 0.142187 0.344444
2 22 0.575586 0.794097 0.049609 0.125694
2 24 0.628711 0.764583 0.031641 0.123611
2 26 0.282031 0.960417 0.150781 0.077778
2 27 0.689648 0.781944 0.116797 0.077778
2 28 0.716016 0.818056 0.150000 0.080556
2 29 0.691602 0.846181 0.128516 0.088194
2 30 0.746484 0.883333 0.160156 0.098611
2 32 0.635547 0.817708 0.028906 0.118750