2 1 0.355273 0.470833 0.172266 0.545833
2 3 0.394727 0.552431 0.131641 0.190972
2 4 0.445508 0.616667 0.144922 0.580556
2 5 0.709961 0.095139 0.119141 0.190278
2 8 0.345508 0.534028 0.092578 0.162500
2 11 0.454297 0.607986 0.096094 0.181250
2 12 0.538281 0.946528 0.042188 0.105556
2 14 0.450977 0.879514 0.050391 0.239583
2 15 0.598633 0.616319 0.093359 0.070139
2 16 0.383594 0.733333 0.112500 0.240278
2 18 0.723828 0.713889 0.114844 0.068056
2 19 0.249414 0.755903 0.169922 0.386806
2 21 0.412891 0.745833 0.132812 0.340278
2 22 0.573438 0.805556 0.043750 0.127778
2 23 0.382031 0.569444 0.074219 0.194444
2 24 0.625391 0.776736 0.031250 0.118750
2 26 0.325586 0.964236 0.085547 0.070139
2 27 0.669336 0.793403 0.125391 0.075694
2 28 0.691602 0.837153 0.140234 0.074306
2 29 0.669727 0.868056 0.128516 0.075000
2 30 0.722461 0.901736 0.150391 0.102083