2 1 0.277930 0.391667 0.214453 0.359722
2 3 0.398828 0.692361 0.064844 0.156944
2 4 0.422461 0.564236 0.144922 0.474306
2 5 0.750586 0.274306 0.229297 0.141667
2 7 0.352539 0.898958 0.053516 0.200694
2 8 0.349219 0.658681 0.060937 0.114583
2 11 0.455078 0.736111 0.068750 0.155556
2 14 0.417383 0.936458 0.053516 0.125694
2 15 0.532617 0.900347 0.058203 0.107639
2 16 0.367383 0.863194 0.062109 0.227778
2 18 0.659375 0.947222 0.104688 0.104167
2 19 0.270508 0.754514 0.202734 0.200694
2 20 0.425000 0.809722 0.067187 0.200000
2 21 0.431445 0.851042 0.091016 0.239583
2 23 0.369531 0.702083 0.077344 0.162500
2 24 0.624609 0.959375 0.021875 0.079861