2 1 0.312695 0.375000 0.181641 0.330556
2 3 0.404297 0.710764 0.054688 0.170139
2 4 0.449609 0.512153 0.125000 0.404861
2 5 0.738672 0.330208 0.175781 0.142361
2 7 0.323242 0.876389 0.058984 0.245833
2 8 0.345508 0.686458 0.064453 0.149306
2 11 0.453906 0.754861 0.065625 0.183333
2 14 0.408984 0.936111 0.053125 0.126389
2 16 0.354297 0.851389 0.086719 0.202778
2 18 0.611719 0.973958 0.057031 0.050694
2 19 0.325781 0.749306 0.116406 0.194444
2 20 0.431055 0.822917 0.037891 0.197222
2 21 0.435156 0.854167 0.083594 0.216667
2 23 0.372656 0.707639 0.064844 0.140278