2 1 0.287891 0.370139 0.210156 0.331944
2 3 0.399219 0.688542 0.067969 0.159028
2 4 0.429297 0.539931 0.142969 0.463194
2 5 0.754687 0.286458 0.228906 0.150694
2 7 0.349023 0.890972 0.054297 0.216667
2 8 0.354883 0.656250 0.053516 0.119444
2 11 0.460547 0.725347 0.068750 0.150694
2 14 0.418359 0.931250 0.054688 0.136111
2 15 0.531641 0.913542 0.058594 0.103472
2 16 0.371094 0.855208 0.055469 0.207639
2 18 0.650000 0.948611 0.096094 0.101389
2 19 0.285352 0.739583 0.187109 0.198611
2 20 0.428711 0.806250 0.062891 0.202778
2 21 0.433789 0.836458 0.087891 0.249306
2 23 0.374414 0.690972 0.070703 0.148611