2 1 0.285547 0.462847 0.198437 0.452083
2 3 0.399219 0.652778 0.076563 0.170833
2 4 0.434961 0.636111 0.135547 0.523611
2 5 0.699805 0.225347 0.145703 0.142361
2 7 0.414844 0.918403 0.068750 0.161806
2 8 0.359180 0.643750 0.069922 0.209722
2 11 0.465234 0.690625 0.078906 0.172917
2 14 0.450586 0.916319 0.047266 0.165972
2 15 0.575781 0.749653 0.063281 0.103472
2 16 0.391211 0.827431 0.069141 0.222917
2 18 0.703125 0.819097 0.111719 0.067361
2 19 0.243555 0.768403 0.230078 0.281250
2 21 0.433789 0.808681 0.111328 0.265972
2 22 0.585352 0.909375 0.042578 0.145139
2 23 0.383008 0.656597 0.080078 0.165972
2 24 0.643164 0.878125 0.031641 0.125694
2 27 0.654883 0.924306 0.131641 0.097222
2 28 0.665430 0.966319 0.141797 0.063194
2 29 0.652148 0.983681 0.113672 0.031250