2 1 0.283203 0.381250 0.212500 0.345833
2 3 0.399414 0.690625 0.063672 0.157639
2 4 0.426172 0.550694 0.143750 0.470833
2 5 0.752539 0.280556 0.228516 0.147222
2 7 0.350977 0.895139 0.054297 0.208333
2 8 0.350586 0.656944 0.057422 0.116667
2 11 0.458203 0.729861 0.070312 0.155556
2 14 0.417773 0.934722 0.053516 0.130556
2 15 0.531641 0.906250 0.058594 0.104167
2 16 0.368750 0.859028 0.059375 0.220833
2 18 0.654883 0.947917 0.100391 0.102778
2 19 0.281250 0.747917 0.190625 0.201389
2 20 0.425781 0.807639 0.064062 0.204167
2 21 0.432812 0.845833 0.089844 0.241667
2 23 0.371680 0.696875 0.074609 0.156250