2 1 0.347266 0.480903 0.164062 0.549306
2 3 0.400000 0.580208 0.094531 0.189583
2 4 0.447461 0.627083 0.133203 0.559722
2 5 0.693164 0.122917 0.113672 0.187500
2 8 0.358398 0.555903 0.066016 0.156250
2 11 0.454492 0.617361 0.091016 0.179167
2 12 0.544336 0.959722 0.039453 0.079167
2 14 0.455469 0.891319 0.043750 0.215972
2 15 0.591602 0.650000 0.082422 0.076389
2 16 0.381641 0.759028 0.095312 0.234722
2 18 0.720703 0.736111 0.114062 0.066667
2 19 0.245117 0.773264 0.201953 0.365972
2 21 0.417578 0.755903 0.132031 0.317361
2 22 0.578320 0.827431 0.039453 0.131250
2 23 0.383203 0.595833 0.063281 0.195833
2 24 0.633984 0.799306 0.030469 0.120833
2 26 0.346094 0.978472 0.057813 0.041667
2 27 0.668750 0.822222 0.121875 0.080556
2 28 0.688086 0.861806 0.139453 0.079167
2 29 0.667578 0.896528 0.120313 0.076389
2 30 0.718555 0.929861 0.151953 0.104167