2 1 0.283789 0.460417 0.201953 0.441667
2 3 0.400781 0.652778 0.075781 0.173611
2 4 0.433984 0.633681 0.135156 0.518750
2 5 0.703516 0.222222 0.152344 0.141667
2 7 0.411719 0.915972 0.069531 0.166667
2 8 0.359375 0.641667 0.065625 0.201389
2 11 0.465820 0.692014 0.075391 0.171528
2 14 0.449609 0.914931 0.046875 0.168750
2 15 0.575000 0.754167 0.063281 0.100000
2 16 0.391797 0.825000 0.067969 0.220833
2 18 0.701953 0.821528 0.111719 0.068056
2 19 0.245117 0.764931 0.228516 0.282639
2 21 0.434180 0.809028 0.110547 0.263889
2 22 0.585547 0.911458 0.044531 0.143750
2 23 0.384766 0.654514 0.078125 0.164583
2 24 0.643164 0.881250 0.032422 0.126389
2 27 0.653711 0.927083 0.130859 0.098611
2 28 0.662695 0.970139 0.142578 0.058333
2 29 0.650195 0.984722 0.116016 0.029167