2 1 0.386328 0.501389 0.206250 0.627778
2 3 0.392578 0.537153 0.147656 0.188194
2 4 0.430469 0.662500 0.202344 0.654167
2 5 0.716406 0.077431 0.095312 0.154861
2 7 0.446875 0.881250 0.047656 0.236111
2 8 0.337109 0.505208 0.105469 0.217361
2 11 0.458203 0.628819 0.102344 0.259028
2 12 0.540820 0.948264 0.048828 0.102083
2 14 0.446484 0.873611 0.062500 0.251389
2 15 0.625781 0.622917 0.101562 0.101389
2 16 0.381250 0.743750 0.125781 0.266667
2 18 0.747070 0.698264 0.112109 0.060417
2 19 0.234961 0.776736 0.158984 0.436806
2 21 0.406836 0.751042 0.144141 0.345139
2 22 0.574805 0.793750 0.049609 0.126389
2 24 0.628711 0.765625 0.032422 0.120139
2 26 0.281250 0.961111 0.147656 0.076389
2 27 0.691797 0.781597 0.116406 0.078472
2 28 0.718945 0.816319 0.150391 0.079861
2 29 0.693750 0.845486 0.130469 0.085417
2 30 0.749219 0.884028 0.161719 0.098611
2 32 0.635742 0.817014 0.029297 0.124306