2 1 0.296289 0.325000 0.210547 0.288889
2 3 0.401562 0.690972 0.066406 0.165278
2 4 0.441797 0.505556 0.130469 0.434722
2 5 0.749609 0.306250 0.198437 0.143056
2 7 0.331250 0.870139 0.051562 0.258333
2 8 0.355469 0.658333 0.042969 0.130556
2 11 0.455859 0.730903 0.063281 0.156250
2 14 0.413086 0.928819 0.055859 0.140972
2 15 0.517383 0.947569 0.054297 0.093750
2 16 0.367578 0.835069 0.071094 0.199306
2 18 0.626563 0.960417 0.075781 0.077778
2 19 0.306445 0.747569 0.166797 0.172917
2 20 0.421484 0.832986 0.056250 0.242361
2 21 0.434375 0.841667 0.085156 0.222222
2 23 0.371875 0.687847 0.069531 0.139583