2 1 0.265820 0.437847 0.219141 0.406250
2 3 0.399414 0.674653 0.069922 0.181250
2 4 0.420508 0.621875 0.145703 0.511806
2 5 0.727148 0.211111 0.199609 0.144444
2 7 0.390430 0.906944 0.060547 0.184722
2 8 0.357227 0.664931 0.055859 0.171528
2 11 0.462500 0.730903 0.075000 0.190972
2 14 0.436133 0.914931 0.051172 0.168750
2 15 0.556641 0.811458 0.054688 0.114583
2 16 0.383594 0.835417 0.049219 0.209722
2 18 0.683984 0.880903 0.110156 0.072917
2 19 0.241016 0.723611 0.246094 0.152778
2 20 0.426953 0.783333 0.068750 0.172222
2 21 0.429297 0.838542 0.100781 0.256250
2 22 0.581836 0.942708 0.030859 0.113194
2 23 0.378125 0.672569 0.071094 0.164583
2 24 0.633203 0.929167 0.025000 0.140278
2 27 0.634766 0.972222 0.128906 0.055556