2 1 0.292383 0.472917 0.187891 0.475000
2 3 0.404492 0.640625 0.072266 0.181250
2 4 0.436914 0.644097 0.136328 0.532639
2 5 0.698047 0.222917 0.140625 0.165278
2 8 0.361914 0.640625 0.065234 0.210417
2 11 0.463672 0.683681 0.086719 0.172917
2 14 0.450000 0.913542 0.054688 0.171528
2 15 0.578711 0.742361 0.067578 0.101389
2 16 0.389648 0.826736 0.072266 0.232639
2 18 0.705859 0.812153 0.111719 0.065972
2 19 0.238672 0.782986 0.232813 0.272917
2 21 0.432227 0.807292 0.112891 0.265972
2 22 0.585156 0.902778 0.039844 0.147222
2 23 0.382031 0.665278 0.069531 0.165278
2 24 0.643555 0.869444 0.030859 0.126389
2 27 0.658398 0.913889 0.133203 0.093056
2 28 0.671484 0.956597 0.142187 0.072917
2 29 0.655078 0.977431 0.117188 0.043750