2 1 0.276562 0.448958 0.210156 0.428472
2 3 0.403320 0.654167 0.072266 0.179167
2 4 0.431445 0.629514 0.136328 0.510417
2 5 0.713672 0.213194 0.172656 0.140278
2 7 0.406250 0.910764 0.070312 0.177083
2 8 0.361133 0.642014 0.060547 0.193750
2 11 0.466992 0.698958 0.069922 0.172917
2 14 0.446680 0.910069 0.048828 0.178472
2 15 0.570508 0.765972 0.058203 0.105556
2 16 0.392969 0.822222 0.064062 0.215278
2 18 0.696094 0.835764 0.107813 0.065972
2 19 0.250781 0.754861 0.228125 0.254167
2 21 0.435937 0.816319 0.107031 0.259028
2 22 0.583203 0.922222 0.040625 0.144444
2 23 0.384375 0.654167 0.078906 0.165278
2 24 0.641992 0.893403 0.033203 0.136806
2 27 0.648828 0.942014 0.131250 0.092361
2 28 0.663477 0.976736 0.134766 0.045139