2 1 0.273242 0.405903 0.216016 0.375694
2 3 0.395313 0.697917 0.075000 0.181944
2 4 0.420117 0.580903 0.144141 0.478472
2 5 0.745898 0.262847 0.227734 0.135417
2 7 0.358398 0.903819 0.053516 0.190972
2 8 0.350977 0.662500 0.056641 0.134722
2 11 0.454492 0.746181 0.071484 0.174306
2 14 0.419531 0.937847 0.052344 0.122917
2 15 0.536914 0.890625 0.059766 0.106250
2 16 0.368164 0.868403 0.062109 0.221528
2 18 0.664258 0.942708 0.106641 0.099306
2 19 0.259180 0.751736 0.212109 0.195139
2 20 0.427344 0.810764 0.071875 0.190972
2 21 0.431641 0.857986 0.089844 0.245139
2 22 0.579883 0.969097 0.023828 0.060417
2 23 0.369141 0.704167 0.076563 0.169444
2 24 0.626563 0.957986 0.023438 0.082639