2 1 0.280469 0.386111 0.213281 0.352778
2 3 0.399414 0.691667 0.064453 0.156944
2 4 0.424414 0.556944 0.144141 0.472222
2 5 0.751758 0.277778 0.228516 0.145833
2 7 0.351953 0.896875 0.053906 0.204861
2 8 0.347266 0.657292 0.060937 0.111806
2 11 0.456641 0.733333 0.069531 0.155556
2 14 0.416992 0.935764 0.054297 0.127083
2 15 0.532031 0.903819 0.058594 0.106250
2 16 0.367383 0.861111 0.061328 0.227778
2 18 0.657227 0.947569 0.102734 0.103472
2 19 0.275977 0.751389 0.196484 0.201389
2 20 0.425391 0.808681 0.065625 0.202083
2 21 0.431836 0.848264 0.090234 0.240972
2 23 0.370312 0.700347 0.076563 0.160417
2 24 0.624023 0.961111 0.020703 0.076389