2 1 0.270898 0.415278 0.216016 0.384722
2 3 0.396289 0.696875 0.075391 0.182639
2 4 0.419727 0.590972 0.144141 0.483333
2 5 0.742578 0.255556 0.223438 0.137500
2 7 0.363672 0.907639 0.056250 0.184722
2 8 0.351758 0.666667 0.055078 0.137500
2 11 0.455078 0.751389 0.072656 0.184722
2 14 0.422070 0.938194 0.051953 0.122222
2 15 0.539062 0.877431 0.057031 0.120139
2 16 0.369727 0.869444 0.058203 0.208333
2 18 0.667188 0.938542 0.107031 0.096528
2 19 0.253906 0.747917 0.217188 0.176389
2 20 0.426367 0.809722 0.069922 0.193056
2 21 0.431250 0.859028 0.090625 0.250000
2 22 0.580664 0.966667 0.023828 0.065278
2 23 0.371484 0.703472 0.072656 0.176389
2 24 0.627930 0.961806 0.020703 0.075000