2 1 0.309375 0.358333 0.189844 0.312500
2 3 0.403906 0.707986 0.057813 0.170139
2 4 0.449609 0.512500 0.125000 0.413889
2 5 0.741797 0.325347 0.182031 0.142361
2 7 0.326172 0.876736 0.056250 0.245139
2 8 0.350000 0.681597 0.056250 0.139583
2 11 0.454102 0.757292 0.064453 0.170139
2 14 0.410352 0.934722 0.054297 0.129167
2 15 0.513281 0.968056 0.056250 0.062500
2 16 0.354492 0.847569 0.083203 0.200694
2 18 0.613281 0.970833 0.061719 0.056944
2 19 0.320117 0.756597 0.128516 0.189583
2 20 0.430859 0.823264 0.040625 0.192361
2 21 0.435547 0.852083 0.084375 0.220833
2 23 0.371680 0.702083 0.066797 0.136111