2 1 0.331055 0.405208 0.148828 0.363194
2 3 0.399219 0.700694 0.058594 0.170833
2 4 0.445703 0.473611 0.136719 0.345833
2 5 0.726953 0.344444 0.160156 0.179167
2 7 0.314844 0.860417 0.059375 0.277778
2 8 0.343555 0.680556 0.056641 0.147222
2 11 0.447656 0.744097 0.060937 0.157639
2 14 0.404492 0.930208 0.052734 0.138194
2 15 0.501953 0.977778 0.045312 0.043056
2 16 0.347070 0.844097 0.086328 0.220139
2 18 0.592578 0.973611 0.060937 0.051389
2 19 0.336133 0.754861 0.062109 0.269444
2 20 0.423828 0.825347 0.040625 0.172917
2 21 0.429297 0.839931 0.083594 0.214583
2 23 0.367578 0.690625 0.064844 0.128472