2 1 0.333203 0.391667 0.147656 0.363889
2 3 0.401172 0.701389 0.058594 0.159722
2 4 0.443555 0.452778 0.144141 0.327778
2 5 0.726758 0.343750 0.157422 0.176389
2 7 0.315039 0.854861 0.061328 0.288889
2 8 0.343945 0.671528 0.062109 0.144444
2 11 0.449023 0.735764 0.062109 0.149306
2 14 0.407031 0.927083 0.057031 0.144444
2 15 0.498828 0.976389 0.050000 0.047222
2 16 0.348438 0.838889 0.082031 0.218056
2 18 0.593750 0.970139 0.064062 0.058333
2 19 0.340039 0.752083 0.061328 0.272222
2 20 0.423828 0.808681 0.044531 0.178472
2 21 0.431836 0.832639 0.080078 0.219444
2 23 0.369141 0.688889 0.058594 0.131944