2 1 0.328320 0.334028 0.156641 0.315278
2 3 0.400000 0.672222 0.053125 0.148611
2 4 0.441797 0.380556 0.155469 0.280556
2 5 0.719141 0.334375 0.135937 0.172917
2 7 0.310937 0.827778 0.060937 0.291667
2 8 0.341992 0.653819 0.069141 0.143750
2 11 0.448047 0.707292 0.065625 0.131250
2 14 0.396680 0.910417 0.062109 0.177778
2 15 0.493359 0.967361 0.051562 0.063889
2 16 0.353320 0.810764 0.075391 0.214583
2 18 0.587891 0.961806 0.065625 0.075000
2 19 0.339844 0.753819 0.064062 0.252083
2 20 0.420508 0.759028 0.038672 0.175000
2 21 0.430859 0.806597 0.073438 0.207639
2 23 0.373437 0.664583 0.055469 0.122222