2 1 0.332617 0.400694 0.148047 0.362500
2 3 0.400000 0.700694 0.058594 0.165278
2 4 0.444922 0.464931 0.140625 0.336806
2 5 0.726758 0.344444 0.158984 0.177778
2 7 0.315039 0.857639 0.059766 0.283333
2 8 0.343750 0.676389 0.059375 0.145833
2 11 0.447656 0.739583 0.062500 0.152778
2 14 0.406055 0.928472 0.055078 0.141667
2 15 0.499805 0.977431 0.050391 0.043750
2 16 0.347656 0.841667 0.084375 0.219444
2 18 0.592969 0.971875 0.062500 0.054861
2 19 0.337891 0.753472 0.061719 0.270833
2 20 0.424609 0.826389 0.045312 0.175000
2 21 0.430859 0.836111 0.082031 0.216667
2 23 0.368359 0.689931 0.061719 0.129861