2 1 0.334375 0.374306 0.146875 0.366667
2 3 0.400586 0.692708 0.056641 0.152083
2 4 0.440820 0.429514 0.151172 0.310417
2 5 0.725391 0.340625 0.151562 0.174306
2 7 0.313867 0.847917 0.062891 0.295833
2 8 0.343359 0.666319 0.063281 0.146528
2 11 0.453125 0.728125 0.059375 0.140972
2 14 0.405859 0.921181 0.053125 0.156250
2 15 0.496680 0.972917 0.051172 0.054167
2 16 0.350977 0.831597 0.077734 0.215972
2 18 0.593164 0.967361 0.066797 0.063889
2 19 0.343359 0.748958 0.060156 0.274306
2 20 0.422461 0.783333 0.042578 0.179167
2 21 0.432617 0.824306 0.076953 0.215278
2 23 0.370898 0.683681 0.056641 0.132639