2 1 0.284570 0.198264 0.210547 0.154861
2 3 0.345703 0.659722 0.072656 0.111111
2 4 0.447266 0.336458 0.178125 0.325694
2 5 0.645508 0.364931 0.081641 0.188194
2 7 0.227539 0.796528 0.068359 0.261111
2 8 0.291406 0.652778 0.063281 0.143056
2 11 0.408398 0.713542 0.057422 0.161806
2 14 0.341992 0.903819 0.066797 0.190972
2 16 0.308594 0.798264 0.064062 0.203472
2 18 0.518164 0.973611 0.062109 0.051389
2 19 0.284570 0.856944 0.067578 0.176389
2 20 0.368750 0.752431 0.052344 0.168750
2 21 0.385742 0.805556 0.071484 0.195833
2 23 0.328125 0.657986 0.056250 0.109028