2 1 0.333203 0.365972 0.148438 0.351389
2 3 0.400586 0.688194 0.055859 0.148611
2 4 0.440820 0.416667 0.151953 0.301389
2 5 0.723633 0.337153 0.146484 0.172917
2 7 0.313477 0.844444 0.063672 0.297222
2 8 0.343164 0.664931 0.062891 0.150694
2 11 0.455273 0.723958 0.056641 0.135417
2 14 0.405273 0.918056 0.051172 0.162500
2 15 0.495898 0.970486 0.052734 0.057639
2 16 0.353516 0.827083 0.075781 0.213889
2 18 0.592383 0.965972 0.067578 0.066667
2 19 0.342773 0.750347 0.061328 0.268750
2 20 0.422656 0.776389 0.042188 0.176389
2 21 0.432812 0.819792 0.075000 0.213194
2 23 0.371680 0.678472 0.057422 0.131944