2 1 0.325977 0.317708 0.162109 0.310417
2 3 0.394727 0.671181 0.062891 0.147917
2 4 0.442383 0.370833 0.157422 0.276389
2 5 0.717383 0.334722 0.133203 0.173611
2 7 0.309766 0.821875 0.059375 0.288194
2 8 0.339844 0.650000 0.068750 0.144444
2 11 0.444141 0.699306 0.069531 0.137500
2 14 0.394141 0.909028 0.061719 0.180556
2 15 0.491016 0.965625 0.053125 0.067361
2 16 0.352148 0.805208 0.076172 0.215972
2 18 0.585938 0.960417 0.064062 0.077778
2 19 0.337695 0.755556 0.065234 0.244444
2 20 0.419336 0.754167 0.037109 0.175000
2 21 0.429688 0.802431 0.073438 0.206250
2 23 0.373828 0.660069 0.053906 0.117361