2 1 0.312109 0.260417 0.188281 0.243056
2 3 0.387695 0.655208 0.066016 0.131250
2 4 0.443945 0.351389 0.156641 0.284722
2 5 0.707227 0.341667 0.125391 0.180556
2 7 0.294922 0.798264 0.051562 0.264583
2 8 0.335352 0.636111 0.060547 0.145833
2 11 0.441797 0.687153 0.065625 0.135417
2 14 0.383203 0.904514 0.060937 0.189583
2 15 0.481445 0.963194 0.058203 0.072222
2 16 0.347266 0.789583 0.077344 0.220833
2 18 0.577930 0.957986 0.080859 0.082639
2 19 0.326953 0.766319 0.068750 0.224306
2 20 0.409570 0.750694 0.043359 0.172222
2 21 0.421289 0.792708 0.069922 0.200694
2 23 0.366016 0.640625 0.054688 0.103472