2 1 0.295508 0.210417 0.217578 0.120833
2 3 0.368750 0.649306 0.071094 0.115278
2 4 0.441406 0.373958 0.153906 0.309028
2 5 0.683984 0.355208 0.103906 0.185417
2 7 0.269727 0.787847 0.057422 0.257639
2 8 0.316016 0.641319 0.063281 0.143750
2 11 0.431641 0.690278 0.051562 0.137500
2 14 0.366016 0.902083 0.067969 0.194444
2 15 0.465820 0.971181 0.053516 0.056250
2 16 0.332031 0.780556 0.071094 0.212500
2 18 0.553125 0.963542 0.067187 0.071528
2 19 0.308594 0.803819 0.071094 0.202083
2 20 0.389648 0.748958 0.044922 0.159028
2 21 0.406641 0.793750 0.070312 0.194444
2 23 0.346289 0.640278 0.062109 0.105556