2 1 0.325586 0.411111 0.154297 0.363889
2 3 0.400586 0.708333 0.057422 0.175000
2 4 0.447656 0.494792 0.126562 0.370139
2 5 0.726758 0.337500 0.162109 0.162500
2 7 0.315820 0.868056 0.059766 0.262500
2 8 0.339453 0.689931 0.064062 0.157639
2 11 0.446484 0.747569 0.063281 0.170139
2 14 0.404102 0.932292 0.051953 0.134028
2 16 0.350781 0.847569 0.083594 0.218750
2 18 0.593945 0.973611 0.059766 0.051389
2 19 0.336914 0.744444 0.060547 0.233333
2 20 0.424805 0.823611 0.033984 0.175000
2 21 0.430078 0.847222 0.084375 0.213889
2 23 0.368359 0.705903 0.062500 0.143750