2 1 0.327734 0.413542 0.150781 0.364583
2 3 0.399414 0.703819 0.058203 0.175694
2 4 0.447070 0.490972 0.128516 0.363889
2 5 0.726758 0.339583 0.161328 0.168056
2 7 0.314648 0.866319 0.058203 0.265972
2 8 0.338477 0.688194 0.063672 0.158333
2 11 0.447070 0.747917 0.061328 0.166667
2 14 0.403906 0.931944 0.051562 0.134722
2 15 0.505664 0.979167 0.034766 0.040278
2 16 0.349609 0.846528 0.084375 0.219444
2 18 0.593359 0.973611 0.060156 0.051389
2 19 0.336914 0.747569 0.061328 0.245139
2 20 0.422656 0.822222 0.031250 0.168056
2 21 0.429297 0.845486 0.085156 0.213194
2 23 0.367969 0.700694 0.063281 0.138889