2 1 0.331641 0.357986 0.150000 0.335417
2 3 0.400586 0.682639 0.055078 0.148611
2 4 0.441406 0.403472 0.153125 0.293056
2 5 0.722461 0.334028 0.141797 0.172222
2 7 0.312891 0.840278 0.064062 0.298611
2 8 0.342969 0.663542 0.062500 0.154861
2 11 0.453516 0.719097 0.059375 0.129861
2 14 0.405469 0.915625 0.048438 0.167361
2 15 0.494922 0.969444 0.052344 0.059722
2 16 0.355469 0.822222 0.073438 0.212500
2 18 0.591406 0.964931 0.068750 0.068750
2 19 0.341602 0.751736 0.062109 0.263194
2 20 0.422656 0.769097 0.041406 0.174306
2 21 0.433203 0.815278 0.073438 0.211111
2 23 0.372656 0.673958 0.058594 0.131250