2 1 0.330469 0.349653 0.151562 0.320139
2 3 0.400000 0.677778 0.053906 0.148611
2 4 0.441406 0.390625 0.153906 0.284028
2 5 0.720703 0.334375 0.139063 0.172917
2 7 0.311719 0.834375 0.062500 0.295139
2 8 0.342773 0.658681 0.066016 0.149306
2 11 0.451562 0.714236 0.061719 0.124306
2 14 0.401172 0.913542 0.055469 0.172917
2 15 0.494336 0.968403 0.051953 0.061806
2 16 0.354297 0.816667 0.074219 0.213889
2 18 0.589453 0.963542 0.067187 0.071528
2 19 0.341016 0.752431 0.063281 0.257639
2 20 0.421484 0.764236 0.039844 0.174306
2 21 0.432031 0.811111 0.073438 0.209722
2 23 0.373047 0.669444 0.057031 0.126389