2 1 0.285547 0.198611 0.210938 0.151389
2 3 0.349609 0.656944 0.071875 0.111111
2 4 0.446094 0.346181 0.169531 0.318750
2 5 0.652930 0.364931 0.083984 0.188194
2 7 0.234180 0.794097 0.066016 0.260417
2 8 0.294531 0.647222 0.062500 0.141667
2 11 0.411914 0.710069 0.055859 0.159028
2 14 0.346484 0.903125 0.068750 0.192361
2 16 0.312891 0.797222 0.064844 0.201389
2 18 0.523047 0.972569 0.064062 0.053472
2 19 0.288672 0.849653 0.068750 0.178472
2 20 0.371094 0.751042 0.050781 0.164583
2 21 0.389062 0.803819 0.071094 0.196528
2 23 0.331445 0.655208 0.056641 0.107639