2 1 0.323828 0.302083 0.167187 0.305556
2 3 0.394727 0.669792 0.060547 0.147917
2 4 0.442773 0.360764 0.158984 0.272917
2 5 0.715234 0.336458 0.132031 0.175694
2 7 0.306250 0.814583 0.057031 0.281944
2 8 0.337109 0.645833 0.067969 0.144444
2 11 0.445312 0.695833 0.066406 0.134722
2 14 0.391016 0.907639 0.060937 0.183333
2 15 0.489258 0.963542 0.055078 0.071528
2 16 0.351367 0.801042 0.076172 0.217361
2 18 0.584375 0.959722 0.069531 0.079167
2 19 0.335547 0.756944 0.066406 0.237500
2 20 0.416602 0.752778 0.039453 0.172222
2 21 0.427930 0.800000 0.072266 0.204167
2 23 0.372852 0.653819 0.053516 0.113194