2 1 0.333789 0.383333 0.147266 0.365278
2 3 0.401172 0.696875 0.057813 0.156250
2 4 0.442188 0.441667 0.147656 0.319444
2 5 0.726562 0.343750 0.156250 0.175000
2 7 0.314453 0.852083 0.062500 0.294444
2 8 0.343945 0.669444 0.062891 0.145833
2 11 0.450391 0.731944 0.061719 0.145833
2 14 0.406445 0.923958 0.055078 0.150694
2 15 0.497266 0.974306 0.049219 0.050000
2 16 0.349023 0.836458 0.080078 0.217361
2 18 0.594141 0.968403 0.065625 0.061806
2 19 0.341602 0.750347 0.060547 0.272917
2 20 0.422461 0.790625 0.043359 0.181250
2 21 0.432227 0.828125 0.078516 0.217361
2 23 0.369922 0.688194 0.055469 0.133333