2 1 0.300000 0.221181 0.214844 0.145139
2 3 0.374414 0.648958 0.071484 0.122917
2 4 0.441992 0.365625 0.154297 0.302083
2 5 0.691992 0.350694 0.110547 0.184722
2 7 0.278906 0.790278 0.053906 0.255556
2 8 0.322656 0.638542 0.071094 0.153472
2 11 0.435742 0.687847 0.056641 0.138194
2 14 0.372070 0.902778 0.067578 0.193056
2 15 0.470508 0.967361 0.051172 0.063889
2 16 0.337500 0.780903 0.075000 0.211806
2 18 0.563086 0.960764 0.075391 0.077083
2 19 0.313477 0.790625 0.069922 0.215972
2 20 0.395703 0.750694 0.042188 0.165278
2 21 0.411133 0.791319 0.069922 0.197917
2 23 0.351562 0.638542 0.061719 0.103472