2 1 0.290820 0.203819 0.213672 0.134028
2 3 0.363281 0.650000 0.071094 0.111111
2 4 0.443164 0.369097 0.155859 0.311806
2 5 0.675195 0.359028 0.098047 0.186111
2 7 0.257617 0.787500 0.055859 0.261111
2 8 0.309961 0.645833 0.048828 0.143056
2 11 0.424805 0.698611 0.055078 0.141667
2 14 0.360742 0.901736 0.069922 0.195139
2 15 0.454492 0.978819 0.060547 0.040972
2 16 0.325977 0.781597 0.067578 0.217361
2 18 0.540625 0.965972 0.057031 0.066667
2 19 0.304297 0.819097 0.072656 0.188194
2 20 0.386523 0.748611 0.048828 0.163889
2 21 0.401953 0.796875 0.071875 0.190972
2 23 0.341406 0.643056 0.061719 0.108333