2 1 0.305273 0.237847 0.205078 0.185417
2 3 0.381445 0.648264 0.068359 0.121528
2 4 0.442773 0.357986 0.155078 0.293750
2 5 0.699609 0.344444 0.117969 0.183333
2 7 0.287305 0.795139 0.051172 0.255556
2 8 0.330078 0.637847 0.063281 0.154861
2 11 0.435937 0.685764 0.065625 0.132639
2 14 0.377734 0.903472 0.063281 0.191667
2 15 0.475781 0.964931 0.056250 0.068750
2 16 0.342187 0.786111 0.078906 0.223611
2 18 0.571094 0.956944 0.082031 0.084722
2 19 0.319727 0.779861 0.069141 0.229167
2 20 0.404687 0.753819 0.040625 0.182639
2 21 0.415234 0.788889 0.071094 0.200000
2 23 0.357227 0.638194 0.059766 0.102778