2 1 0.286719 0.199653 0.210938 0.147917
2 3 0.353320 0.654514 0.071484 0.110417
2 4 0.445508 0.352778 0.165234 0.316667
2 5 0.660156 0.363889 0.086719 0.187500
2 7 0.240625 0.792708 0.063281 0.260417
2 8 0.297852 0.642014 0.061328 0.140972
2 11 0.414844 0.707986 0.055469 0.152083
2 14 0.350977 0.902083 0.070703 0.194444
2 16 0.316602 0.796528 0.065234 0.200000
2 18 0.527734 0.971181 0.066406 0.056250
2 19 0.292969 0.842014 0.070312 0.179861
2 20 0.373633 0.749653 0.049609 0.160417
2 21 0.392578 0.801042 0.071094 0.196528
2 23 0.335352 0.653125 0.057422 0.106250