2 1 0.297461 0.215625 0.216016 0.132639
2 3 0.371680 0.648958 0.071484 0.118750
2 4 0.441797 0.370139 0.153906 0.305556
2 5 0.688281 0.353819 0.107031 0.185417
2 7 0.274609 0.788194 0.055469 0.255556
2 8 0.317578 0.639236 0.075781 0.153472
2 11 0.433789 0.689236 0.054297 0.138194
2 14 0.369141 0.902431 0.067969 0.193750
2 15 0.468359 0.969792 0.052344 0.060417
2 16 0.334961 0.778125 0.073047 0.206250
2 18 0.559180 0.962500 0.072266 0.073611
2 19 0.310547 0.796181 0.070312 0.209028
2 20 0.391406 0.749306 0.042969 0.156944
2 21 0.408984 0.792708 0.069531 0.196528
2 23 0.348828 0.638889 0.062500 0.104167