2 1 0.329297 0.409028 0.150000 0.363889
2 3 0.398047 0.700000 0.058594 0.176389
2 4 0.446289 0.482292 0.132422 0.354861
2 5 0.726953 0.342361 0.160938 0.173611
2 7 0.314844 0.863542 0.058594 0.271528
2 8 0.339062 0.684375 0.064062 0.152083
2 11 0.447266 0.747917 0.059375 0.162500
2 14 0.403516 0.931597 0.050781 0.135417
2 15 0.503516 0.978472 0.039844 0.041667
2 16 0.348242 0.845139 0.085547 0.219444
2 18 0.593164 0.973611 0.060547 0.051389
2 19 0.336328 0.751736 0.061719 0.257639
2 20 0.423438 0.823264 0.035937 0.170139
2 21 0.428320 0.843403 0.085547 0.211806
2 23 0.367969 0.695833 0.064062 0.133333