2 1 0.316016 0.274306 0.181250 0.263889
2 3 0.390234 0.660069 0.064844 0.135417
2 4 0.443555 0.354167 0.157422 0.280556
2 5 0.711133 0.340278 0.129297 0.179167
2 7 0.298633 0.800000 0.051953 0.269444
2 8 0.337891 0.635069 0.060156 0.135417
2 11 0.443945 0.689931 0.064453 0.134028
2 14 0.385742 0.905556 0.060547 0.187500
2 15 0.484180 0.962500 0.057422 0.073611
2 16 0.349609 0.791667 0.076563 0.219444
2 18 0.581641 0.958333 0.080469 0.081944
2 19 0.330664 0.759722 0.068359 0.222222
2 20 0.411719 0.749653 0.044531 0.167361
2 21 0.424609 0.794792 0.069531 0.200694
2 23 0.370703 0.641667 0.052344 0.104167