2 1 0.283789 0.197917 0.210547 0.158333
2 3 0.343555 0.659722 0.066016 0.119444
2 4 0.448242 0.326389 0.186328 0.331944
2 5 0.638281 0.365972 0.078906 0.188889
2 7 0.221094 0.797917 0.071094 0.261111
2 8 0.288086 0.657986 0.064453 0.143750
2 11 0.404297 0.716667 0.058594 0.163889
2 14 0.335547 0.912500 0.066406 0.173611
2 16 0.304883 0.799306 0.063672 0.204167
2 18 0.513477 0.975000 0.059766 0.048611
2 19 0.280273 0.864583 0.066016 0.175000
2 20 0.366211 0.753819 0.053516 0.172917
2 21 0.382227 0.808333 0.071484 0.195833
2 23 0.324219 0.660069 0.055469 0.110417