2 1 0.308789 0.248958 0.196484 0.214583
2 3 0.384180 0.649306 0.068359 0.125000
2 4 0.443555 0.355208 0.155859 0.289583
2 5 0.703516 0.343056 0.121875 0.181944
2 7 0.291016 0.796875 0.051562 0.260417
2 8 0.332617 0.637153 0.060547 0.156250
2 11 0.439063 0.686458 0.065625 0.134028
2 14 0.380469 0.903819 0.060937 0.190972
2 15 0.478711 0.963889 0.058984 0.070833
2 16 0.344531 0.788194 0.078125 0.222222
2 18 0.574805 0.957292 0.081641 0.084028
2 19 0.323437 0.773264 0.068750 0.227083
2 20 0.406836 0.752778 0.041797 0.177778
2 21 0.418555 0.790972 0.070703 0.200000
2 23 0.361914 0.639236 0.057422 0.103472