2 1 0.288477 0.200347 0.211328 0.140972
2 3 0.359961 0.651042 0.070703 0.110417
2 4 0.443945 0.367014 0.156641 0.313194
2 5 0.670117 0.360764 0.094141 0.186806
2 7 0.251758 0.789583 0.058203 0.261111
2 8 0.305859 0.644792 0.053125 0.142361
2 11 0.421289 0.702431 0.055078 0.143750
2 14 0.357812 0.901389 0.071094 0.195833
2 16 0.322852 0.786458 0.066797 0.211806
2 18 0.536328 0.967708 0.060156 0.063194
2 19 0.300391 0.826736 0.071875 0.185417
2 20 0.382422 0.748611 0.049219 0.162500
2 21 0.398633 0.798611 0.071484 0.193056
2 23 0.339453 0.646181 0.060156 0.107639