0 92 0.165770 0.454014 0.120389 0.061639
0 93 0.356071 0.747799 0.103214 0.178693
0 94 0.231266 0.516102 0.109881 0.070492
0 95 0.338652 0.350862 0.080332 0.137838
0 96 0.482337 0.831066 0.059748 0.062037
0 97 0.509444 0.206568 0.179833 0.095158
0 98 0.294150 0.687009 0.166774 0.079091
0 99 0.247480 0.740840 0.101547 0.180771
0 100 0.237775 0.745767 0.097350 0.143748
0 101 0.695389 0.666878 0.117162 0.136801
0 102 0.083675 0.338743 0.081144 0.172058
0 103 0.285918 0.300407 0.115790 0.080015
0 104 0.604133 0.673239 0.142418 0.157408
0 105 0.485641 0.119810 0.172763 0.032753
0 106 0.238073 0.218519 0.126542 0.064446