0 92 0.210779 0.439566 0.132546 0.049228
0 93 0.346209 0.759559 0.091353 0.172858
0 94 0.213068 0.530715 0.156640 0.056205
0 95 0.335894 0.357390 0.090746 0.142035
0 96 0.475618 0.841149 0.044172 0.043790
0 97 0.492497 0.188245 0.170385 0.060597
0 98 0.250654 0.676859 0.159954 0.107409
0 99 0.237282 0.704487 0.127981 0.148510
0 100 0.243597 0.756424 0.099041 0.131360
0 101 0.682547 0.638415 0.166843 0.062102
0 102 0.071817 0.393149 0.081456 0.154604
0 103 0.258028 0.312178 0.069306 0.136139
0 104 0.589784 0.670198 0.131880 0.166024
0 105 0.429532 0.134614 0.119691 0.052624
0 106 0.203520 0.234482 0.166398 0.084897