0 92 0.300725 0.463742 0.097900 0.092363
0 93 0.349659 0.753422 0.089582 0.198816
0 94 0.159725 0.514048 0.144303 0.076720
0 95 0.340484 0.361201 0.097715 0.139525
0 96 0.475764 0.830883 0.092120 0.066678
0 97 0.492152 0.190735 0.181706 0.060242
0 98 0.206152 0.642655 0.147485 0.128366
0 99 0.230208 0.626418 0.096285 0.157597
0 100 0.310327 0.784117 0.149378 0.073977
0 101 0.684444 0.626954 0.125628 0.105274
0 102 0.056212 0.471679 0.053407 0.167570
0 103 0.251519 0.330251 0.051549 0.155552
0 104 0.581078 0.667683 0.120926 0.174312
0 105 0.393481 0.148073 0.107648 0.060976
0 106 0.114017 0.334176 0.059939 0.146910