0 92 0.172483 0.443237 0.138992 0.053105
0 93 0.362084 0.755338 0.121035 0.173395
0 94 0.208633 0.533608 0.113018 0.056568
0 95 0.339206 0.350858 0.079732 0.142199
0 96 0.478803 0.835142 0.057799 0.058470
0 97 0.508249 0.200593 0.184897 0.081108
0 98 0.290238 0.678155 0.177398 0.080565
0 99 0.245250 0.713103 0.089717 0.146170
0 100 0.240618 0.754329 0.095421 0.117047
0 101 0.682182 0.650370 0.152827 0.096887
0 102 0.078067 0.356468 0.081063 0.173066
0 103 0.280063 0.301635 0.100609 0.103566
0 104 0.596001 0.672835 0.136211 0.164763
0 105 0.462513 0.122382 0.158696 0.039221
0 106 0.213974 0.229280 0.132448 0.049548