0 92 0.158746 0.473378 0.092600 0.089607
0 93 0.354117 0.744467 0.094526 0.186046
0 94 0.252909 0.513309 0.099290 0.073437
0 95 0.333335 0.353537 0.079124 0.140679
0 96 0.464645 0.823236 0.048287 0.076745
0 97 0.519590 0.205032 0.174860 0.088160
0 98 0.283936 0.659348 0.128931 0.147802
0 99 0.258356 0.746537 0.090334 0.157332
0 100 0.219471 0.728986 0.086337 0.161374
0 101 0.686592 0.675076 0.106563 0.148208
0 102 0.085358 0.310173 0.070194 0.175059
0 103 0.285706 0.289099 0.115598 0.061333
0 104 0.608311 0.674903 0.136244 0.147515
0 105 0.507397 0.118733 0.139039 0.031671
0 106 0.266678 0.219226 0.128963 0.054929