0 92 0.160764 0.466215 0.106845 0.086009
0 93 0.354063 0.747513 0.097626 0.180451
0 94 0.235014 0.512942 0.095046 0.072726
0 95 0.335044 0.355891 0.077942 0.132324
0 96 0.468466 0.833069 0.060515 0.057498
0 97 0.517712 0.207095 0.179672 0.093038
0 98 0.287211 0.675894 0.142178 0.112676
0 99 0.258811 0.744119 0.098457 0.144102
0 100 0.221381 0.729410 0.097686 0.148672
0 101 0.694901 0.673079 0.107707 0.148160
0 102 0.082601 0.318077 0.072120 0.186110
0 103 0.281116 0.290772 0.116796 0.064095
0 104 0.602768 0.673317 0.128821 0.150562
0 105 0.493820 0.119220 0.164169 0.032782
0 106 0.250634 0.218236 0.111937 0.060173