0 92 0.255257 0.454486 0.119523 0.062534
0 93 0.342468 0.741959 0.062652 0.193916
0 94 0.173126 0.515799 0.125250 0.070255
0 95 0.337901 0.359497 0.088751 0.149720
0 96 0.474290 0.833581 0.063265 0.056501
0 97 0.499413 0.191986 0.179767 0.065217
0 98 0.226090 0.641048 0.129460 0.112327
0 99 0.244806 0.656203 0.096357 0.137760
0 100 0.285475 0.781436 0.129840 0.072309
0 101 0.676800 0.634185 0.168666 0.057519
0 102 0.061341 0.436434 0.075890 0.161063
0 103 0.250263 0.327699 0.051068 0.142985
0 104 0.585104 0.667440 0.124359 0.171751
0 105 0.429793 0.145220 0.125780 0.055654
0 106 0.144473 0.272939 0.083428 0.141565