0 92 0.298223 0.462785 0.094168 0.091139
0 93 0.350221 0.753215 0.089984 0.197451
0 94 0.157917 0.514371 0.140610 0.075872
0 95 0.338241 0.361464 0.098331 0.139162
0 96 0.480015 0.827488 0.081418 0.072995
0 97 0.488739 0.186593 0.179102 0.067944
0 98 0.206921 0.640690 0.144046 0.125378
0 99 0.228788 0.625530 0.095910 0.150125
0 100 0.316024 0.793099 0.159019 0.093386
0 101 0.686242 0.626076 0.121666 0.102699
0 102 0.052028 0.468499 0.050357 0.166372
0 103 0.249097 0.329312 0.052441 0.151768
0 104 0.583700 0.666704 0.125632 0.170368
0 105 0.419750 0.163793 0.105396 0.078030
0 106 0.118641 0.326889 0.054166 0.148221