0 92 0.205400 0.441573 0.129420 0.057707
0 93 0.349925 0.760800 0.091315 0.169309
0 94 0.215171 0.532142 0.146077 0.051680
0 95 0.334693 0.354503 0.088052 0.147475
0 96 0.483157 0.839355 0.049499 0.047107
0 97 0.503310 0.192716 0.187220 0.067983
0 98 0.276643 0.675747 0.198494 0.088406
0 99 0.244479 0.713483 0.127320 0.168008
0 100 0.251593 0.755838 0.100263 0.107028
0 101 0.682908 0.641757 0.163244 0.071319
0 102 0.074626 0.377455 0.083096 0.170079
0 103 0.264429 0.309521 0.074496 0.133126
0 104 0.591146 0.670811 0.133169 0.165572
0 105 0.449931 0.133974 0.161162 0.056860
0 106 0.207567 0.230622 0.160285 0.072815