0 92 0.149709 0.487123 0.055014 0.129324
0 93 0.358219 0.742177 0.094898 0.195460
0 94 0.263907 0.491652 0.067768 0.104077
0 95 0.336962 0.352300 0.072080 0.137135
0 96 0.441735 0.825629 0.084279 0.070592
0 97 0.524758 0.213235 0.151672 0.096737
0 98 0.302332 0.636180 0.094732 0.189066
0 99 0.263648 0.762359 0.101775 0.147307
0 100 0.203026 0.701673 0.072869 0.122987
0 101 0.671878 0.660569 0.117637 0.117446
0 102 0.120062 0.250915 0.088012 0.180142
0 103 0.309574 0.289929 0.141623 0.070893
0 104 0.637222 0.679052 0.173271 0.137059
0 105 0.509727 0.128972 0.117581 0.055527
0 106 0.284975 0.250556 0.113455 0.086883