0 92 0.280120 0.455616 0.101692 0.078943
0 93 0.348429 0.746800 0.076795 0.199323
0 94 0.166310 0.515247 0.121796 0.073761
0 95 0.339930 0.363667 0.087294 0.136955
0 96 0.478291 0.836796 0.061200 0.054050
0 97 0.491528 0.191761 0.192766 0.058760
0 98 0.230879 0.645664 0.161849 0.116682
0 99 0.233890 0.639265 0.094098 0.152063
0 100 0.301397 0.787237 0.171722 0.113448
0 101 0.690218 0.622718 0.128782 0.087204
0 102 0.052255 0.464888 0.057786 0.147825
0 103 0.248667 0.328453 0.048871 0.150505
0 104 0.584901 0.667591 0.129688 0.175304
0 105 0.426299 0.157887 0.109217 0.072387
0 106 0.126962 0.299880 0.058798 0.148329