0 92 0.161752 0.477629 0.077155 0.101094
0 93 0.351337 0.749130 0.089663 0.180466
0 94 0.254922 0.500840 0.086442 0.094447
0 95 0.336412 0.356755 0.074276 0.131355
0 96 0.447482 0.816641 0.063047 0.084349
0 97 0.523780 0.209219 0.171470 0.096255
0 98 0.285086 0.652441 0.125387 0.150715
0 99 0.261839 0.731626 0.097312 0.166753
0 100 0.228290 0.729345 0.097952 0.166609
0 101 0.678764 0.669795 0.101963 0.154321
0 102 0.102100 0.293724 0.088994 0.172017
0 103 0.303677 0.284789 0.145779 0.052793
0 104 0.612559 0.677105 0.137395 0.147703
0 105 0.504633 0.116319 0.128298 0.029923
0 106 0.262807 0.221520 0.113170 0.045374