0 92 0.154019 0.479109 0.064005 0.118217
0 93 0.350011 0.742874 0.079857 0.187315
0 94 0.260889 0.496365 0.080562 0.099784
0 95 0.337712 0.350532 0.069813 0.138098
0 96 0.448248 0.822397 0.079954 0.076630
0 97 0.524458 0.211099 0.159893 0.096216
0 98 0.296084 0.636285 0.106002 0.187628
0 99 0.262521 0.756055 0.091076 0.147088
0 100 0.217267 0.716608 0.086445 0.169741
0 101 0.675086 0.664114 0.106237 0.138064
0 102 0.116371 0.267821 0.087186 0.174413
0 103 0.305207 0.287331 0.134811 0.059397
0 104 0.634131 0.679023 0.171738 0.140616
0 105 0.509232 0.119568 0.117206 0.037692
0 106 0.286649 0.233422 0.134342 0.066908