0 92 0.148807 0.489816 0.054295 0.135800
0 93 0.363046 0.741248 0.096083 0.199294
0 94 0.262396 0.492889 0.062817 0.100268
0 95 0.337670 0.354478 0.070409 0.133412
0 96 0.438353 0.825943 0.084358 0.070365
0 97 0.524183 0.213538 0.148150 0.096886
0 98 0.305424 0.636419 0.092996 0.192281
0 99 0.262287 0.766997 0.101499 0.138168
0 100 0.197908 0.703310 0.077538 0.120443
0 101 0.666108 0.661321 0.130466 0.112009
0 102 0.121605 0.248847 0.089057 0.177786
0 103 0.312472 0.290064 0.146585 0.072698
0 104 0.635925 0.680188 0.170546 0.134688
0 105 0.511631 0.129148 0.114786 0.057097
0 106 0.298084 0.251160 0.124533 0.091707