0 92 0.151877 0.500694 0.049268 0.138851
0 93 0.360931 0.729867 0.075287 0.176535
0 94 0.262972 0.493889 0.050037 0.105289
0 95 0.336787 0.355845 0.067590 0.128876
0 96 0.434441 0.821013 0.097384 0.079934
0 97 0.525462 0.223757 0.134699 0.114307
0 98 0.317578 0.629180 0.081116 0.194493
0 99 0.294773 0.766536 0.168631 0.121080
0 100 0.207544 0.686517 0.103274 0.146387
0 101 0.678864 0.667749 0.146253 0.072314
0 102 0.137714 0.228895 0.102423 0.161591
0 103 0.313309 0.289973 0.130985 0.061728
0 104 0.638568 0.687250 0.174650 0.109197
0 105 0.517055 0.130091 0.106194 0.058894
0 106 0.326104 0.269799 0.133931 0.096532