0 92 0.172451 0.444957 0.134240 0.054052
0 93 0.360983 0.744947 0.110847 0.189821
0 94 0.220662 0.529319 0.130724 0.057853
0 95 0.341193 0.351351 0.077533 0.137442
0 96 0.483928 0.834879 0.065462 0.056773
0 97 0.506737 0.200085 0.180777 0.079675
0 98 0.290938 0.679110 0.177446 0.078111
0 99 0.245780 0.732378 0.094407 0.181134
0 100 0.227545 0.753241 0.107002 0.106001
0 101 0.685458 0.649643 0.144265 0.098611
0 102 0.083422 0.349262 0.087969 0.175932
0 103 0.280381 0.300519 0.097852 0.100739
0 104 0.598462 0.672429 0.138908 0.162485
0 105 0.462342 0.121262 0.139498 0.039002
0 106 0.217632 0.225580 0.132257 0.051426