0 92 0.276401 0.455249 0.104353 0.076706
0 93 0.346995 0.744902 0.074177 0.195778
0 94 0.167056 0.515770 0.122900 0.072485
0 95 0.339902 0.364309 0.086631 0.136252
0 96 0.477513 0.836918 0.061265 0.053267
0 97 0.491226 0.190879 0.193335 0.058613
0 98 0.217978 0.644760 0.130675 0.119954
0 99 0.239160 0.635878 0.106143 0.131737
0 100 0.298610 0.785829 0.169378 0.112373
0 101 0.690936 0.624285 0.132065 0.082700
0 102 0.052822 0.462862 0.058625 0.140047
0 103 0.248521 0.326638 0.050215 0.149704
0 104 0.585314 0.668025 0.130553 0.175955
0 105 0.423453 0.156536 0.103108 0.071796
0 106 0.129180 0.297288 0.063791 0.142708