0 92 0.265952 0.455426 0.109947 0.072838
0 93 0.343399 0.738247 0.066985 0.175150
0 94 0.168258 0.515082 0.122584 0.071628
0 95 0.337598 0.360381 0.090054 0.142248
0 96 0.473184 0.835970 0.064556 0.052565
0 97 0.495498 0.194110 0.185812 0.059066
0 98 0.233890 0.638889 0.172388 0.104637
0 99 0.233890 0.647546 0.097109 0.149051
0 100 0.295635 0.789424 0.157535 0.100722
0 101 0.679838 0.627805 0.161223 0.071790
0 102 0.055845 0.458792 0.065316 0.136517
0 103 0.249733 0.326699 0.051669 0.146482
0 104 0.584353 0.668586 0.127657 0.175293
0 105 0.415486 0.152275 0.117832 0.067563
0 106 0.140531 0.289523 0.077278 0.139680