0 92 0.324794 0.475080 0.097773 0.099155
0 93 0.347006 0.748577 0.095200 0.158222
0 94 0.142450 0.512793 0.109623 0.089000
0 95 0.350665 0.363552 0.085559 0.131618
0 96 0.461724 0.839662 0.089351 0.050658
0 97 0.489276 0.191983 0.167059 0.060288
0 98 0.194994 0.642464 0.161422 0.147273
0 99 0.223610 0.591223 0.096186 0.145726
0 100 0.315387 0.815613 0.170691 0.075567
0 101 0.686424 0.636159 0.140865 0.105215
0 102 0.055622 0.494332 0.060941 0.101770
0 103 0.251852 0.354597 0.058526 0.127955
0 104 0.578132 0.670256 0.114224 0.179766
0 105 0.376357 0.165387 0.120074 0.079042
0 106 0.103522 0.356222 0.075106 0.136614