0 92 0.246269 0.442750 0.128884 0.051701
0 93 0.340726 0.748114 0.063393 0.199459
0 94 0.182580 0.518942 0.126551 0.070091
0 95 0.338502 0.362715 0.086216 0.142604
0 96 0.479709 0.842997 0.054428 0.037277
0 97 0.497216 0.194292 0.183613 0.072989
0 98 0.238783 0.650933 0.156579 0.094098
0 99 0.241418 0.667495 0.089581 0.134749
0 100 0.288614 0.777421 0.133422 0.100871
0 101 0.681607 0.639119 0.165974 0.051007
0 102 0.061885 0.425953 0.072515 0.142663
0 103 0.254282 0.324307 0.056875 0.148060
0 104 0.589863 0.669592 0.135324 0.171322
0 105 0.397060 0.143516 0.068382 0.054873
0 106 0.156342 0.259033 0.094764 0.121149