0 92 0.199465 0.440946 0.117350 0.058118
0 93 0.360520 0.763616 0.115156 0.157415
0 94 0.210741 0.533871 0.134798 0.051502
0 95 0.336713 0.352185 0.084887 0.151475
0 96 0.484948 0.838195 0.063376 0.044446
0 97 0.509309 0.195583 0.193002 0.073837
0 98 0.286016 0.674691 0.203347 0.085942
0 99 0.245486 0.718737 0.111267 0.161955
0 100 0.248277 0.748746 0.101883 0.114054
0 101 0.681708 0.641073 0.160038 0.072975
0 102 0.075439 0.374944 0.081592 0.164974
0 103 0.264978 0.303787 0.071892 0.117205
0 104 0.592877 0.671981 0.136289 0.163272
0 105 0.459908 0.128146 0.166926 0.049064
0 106 0.213967 0.231229 0.159402 0.065501