0 92 0.170927 0.447082 0.130995 0.056536
0 93 0.360280 0.749011 0.105726 0.179692
0 94 0.227031 0.524962 0.125549 0.064035
0 95 0.340568 0.350607 0.078862 0.139066
0 96 0.485153 0.834680 0.066147 0.056257
0 97 0.505520 0.201749 0.178042 0.081170
0 98 0.291725 0.685073 0.177303 0.069846
0 99 0.242724 0.737166 0.111059 0.170053
0 100 0.233925 0.753780 0.092662 0.107079
0 101 0.688627 0.653395 0.136119 0.107536
0 102 0.083979 0.343799 0.089790 0.177650
0 103 0.286631 0.301982 0.107080 0.094516
0 104 0.602057 0.673772 0.141247 0.158922
0 105 0.461434 0.119919 0.134686 0.037095
0 106 0.226705 0.220753 0.136865 0.060018