0 92 0.327160 0.491276 0.097392 0.091528
0 93 0.347520 0.745406 0.101978 0.164753
0 94 0.164120 0.505111 0.128132 0.082921
0 95 0.347478 0.358473 0.091641 0.145417
0 96 0.467163 0.837343 0.110862 0.056467
0 97 0.484311 0.187612 0.168818 0.067927
0 98 0.189785 0.633908 0.163759 0.133819
0 99 0.219168 0.583102 0.088742 0.139728
0 100 0.309996 0.800482 0.182382 0.072817
0 101 0.705554 0.637598 0.113316 0.115372
0 102 0.065627 0.500120 0.060456 0.122196
0 103 0.251270 0.357342 0.062198 0.129274
0 104 0.578681 0.671298 0.115364 0.182242
0 105 0.363369 0.156730 0.133243 0.054201
0 106 0.100884 0.366526 0.082759 0.130136