0 92 0.306706 0.464227 0.103520 0.096049
0 93 0.347698 0.754690 0.088832 0.192875
0 94 0.158318 0.514435 0.147107 0.079520
0 95 0.345084 0.359525 0.090576 0.138344
0 96 0.472139 0.835817 0.098016 0.058427
0 97 0.490508 0.190222 0.183355 0.061783
0 98 0.206734 0.642835 0.159769 0.140395
0 99 0.232013 0.626662 0.103559 0.162871
0 100 0.314305 0.798606 0.160760 0.086361
0 101 0.683810 0.630119 0.127647 0.108751
0 102 0.050475 0.469911 0.047526 0.172517
0 103 0.251898 0.339759 0.051407 0.138348
0 104 0.578841 0.668716 0.116021 0.177397
0 105 0.393743 0.170735 0.126240 0.092750
0 106 0.109906 0.338659 0.066110 0.149238