0 92 0.147653 0.490664 0.052454 0.135121
0 93 0.364392 0.739297 0.093077 0.197874
0 94 0.262001 0.492734 0.061620 0.099752
0 95 0.336124 0.350162 0.074872 0.141122
0 96 0.433937 0.825477 0.078719 0.071063
0 97 0.525085 0.215333 0.147221 0.100206
0 98 0.307855 0.636661 0.090181 0.194711
0 99 0.269152 0.767525 0.118175 0.135416
0 100 0.195673 0.703281 0.075234 0.126745
0 101 0.669049 0.660890 0.129910 0.105221
0 102 0.119600 0.248079 0.081575 0.168559
0 103 0.313715 0.289279 0.148494 0.069965
0 104 0.635541 0.682241 0.169032 0.130954
0 105 0.513334 0.130049 0.111232 0.058976
0 106 0.297732 0.252730 0.122995 0.091128