0 92 0.154638 0.476569 0.067669 0.108985
0 93 0.350283 0.740677 0.083195 0.193946
0 94 0.260753 0.495052 0.082356 0.100071
0 95 0.337836 0.351509 0.070669 0.139316
0 96 0.444296 0.822195 0.070927 0.075754
0 97 0.525158 0.211077 0.163830 0.098500
0 98 0.286654 0.637422 0.106411 0.188112
0 99 0.267470 0.737604 0.100576 0.183262
0 100 0.217465 0.717670 0.086842 0.173371
0 101 0.671208 0.665085 0.114537 0.145674
0 102 0.114260 0.270887 0.090265 0.179546
0 103 0.303605 0.283884 0.132668 0.050918
0 104 0.633222 0.678802 0.171558 0.143244
0 105 0.509792 0.119910 0.117911 0.037035
0 106 0.282082 0.230473 0.128597 0.061277