0 92 0.168345 0.447669 0.123479 0.053668
0 93 0.357997 0.749268 0.104399 0.176023
0 94 0.227639 0.526214 0.116775 0.060629
0 95 0.340232 0.349621 0.079621 0.138611
0 96 0.483315 0.832099 0.065408 0.061457
0 97 0.510734 0.206904 0.181663 0.095279
0 98 0.295662 0.689636 0.169725 0.071402
0 99 0.253001 0.744200 0.101043 0.166524
0 100 0.234376 0.739889 0.090552 0.139519
0 101 0.695171 0.658360 0.121252 0.118449
0 102 0.084636 0.343407 0.088035 0.169309
0 103 0.287493 0.300275 0.112715 0.089645
0 104 0.603836 0.674202 0.143486 0.158178
0 105 0.500154 0.117826 0.152845 0.034071
0 106 0.231957 0.215745 0.135841 0.069988