0 92 0.149255 0.488921 0.051901 0.129052
0 93 0.362171 0.743510 0.075322 0.202586
0 94 0.261290 0.492529 0.056896 0.103544
0 95 0.338697 0.355267 0.068073 0.128287
0 96 0.428515 0.818916 0.102663 0.083214
0 97 0.524283 0.222580 0.136641 0.112454
0 98 0.316374 0.631355 0.082965 0.197233
0 99 0.274743 0.772285 0.123665 0.123042
0 100 0.206970 0.695559 0.100747 0.142940
0 101 0.676149 0.663406 0.142479 0.088792
0 102 0.125294 0.240880 0.084433 0.157674
0 103 0.315646 0.290092 0.141438 0.057786
0 104 0.634226 0.685505 0.164706 0.115272
0 105 0.516471 0.131983 0.110778 0.061600
0 106 0.312612 0.260223 0.131949 0.096499