0 92 0.286863 0.459844 0.099808 0.088562
0 93 0.348997 0.750998 0.084153 0.202124
0 94 0.165862 0.514541 0.130053 0.073395
0 95 0.338618 0.361736 0.092126 0.139262
0 96 0.481129 0.834062 0.071850 0.059893
0 97 0.485113 0.187427 0.195772 0.066427
0 98 0.215693 0.642966 0.145254 0.123059
0 99 0.234267 0.636631 0.091840 0.146793
0 100 0.309912 0.795044 0.165696 0.106047
0 101 0.690166 0.623280 0.121878 0.095208
0 102 0.046547 0.467291 0.045722 0.153217
0 103 0.247657 0.329331 0.051695 0.149603
0 104 0.581420 0.665868 0.122768 0.171407
0 105 0.433073 0.161435 0.112238 0.076179
0 106 0.120924 0.309036 0.051360 0.147534