0 92 0.318387 0.470199 0.098557 0.094058
0 93 0.346321 0.752727 0.089383 0.194633
0 94 0.149886 0.522914 0.132680 0.104442
0 95 0.350259 0.361689 0.085665 0.134799
0 96 0.459010 0.835560 0.082330 0.057684
0 97 0.481377 0.191793 0.178976 0.058374
0 98 0.207750 0.646355 0.169273 0.147648
0 99 0.223957 0.591105 0.089279 0.124510
0 100 0.315168 0.813719 0.160508 0.079565
0 101 0.684699 0.631645 0.133702 0.107991
0 102 0.051825 0.478634 0.049698 0.150251
0 103 0.251864 0.349869 0.055973 0.129843
0 104 0.578788 0.669688 0.115101 0.178120
0 105 0.370897 0.154095 0.100120 0.065492
0 106 0.102164 0.350503 0.072000 0.141293