0 92 0.214618 0.438705 0.121580 0.050588
0 93 0.347115 0.759239 0.087239 0.172089
0 94 0.215659 0.530310 0.152126 0.053896
0 95 0.334945 0.354797 0.089547 0.146740
0 96 0.478223 0.838210 0.045962 0.045978
0 97 0.497997 0.189838 0.182114 0.061472
0 98 0.271797 0.676288 0.190236 0.099505
0 99 0.240744 0.709753 0.136412 0.146998
0 100 0.254014 0.747864 0.097046 0.101870
0 101 0.682500 0.640262 0.164932 0.067322
0 102 0.074325 0.382081 0.082918 0.168605
0 103 0.260784 0.310818 0.068885 0.136518
0 104 0.590770 0.671124 0.132798 0.165081
0 105 0.452331 0.134637 0.154733 0.056706
0 106 0.208368 0.231560 0.168870 0.079447