0 92 0.161743 0.478267 0.083890 0.100705
0 93 0.352982 0.745390 0.090530 0.184770
0 94 0.255163 0.510486 0.091757 0.078514
0 95 0.334677 0.355934 0.077721 0.134313
0 96 0.463963 0.816540 0.042889 0.090787
0 97 0.521552 0.206593 0.173372 0.089879
0 98 0.285611 0.656200 0.126335 0.149699
0 99 0.269193 0.752817 0.096389 0.120336
0 100 0.226246 0.725191 0.104404 0.164323
0 101 0.682762 0.671295 0.105664 0.155513
0 102 0.087679 0.305222 0.071105 0.167963
0 103 0.304389 0.286365 0.145448 0.056050
0 104 0.610158 0.675858 0.137837 0.149214
0 105 0.504337 0.117629 0.139001 0.031893
0 106 0.264559 0.221548 0.121879 0.046327