0 92 0.298298 0.462754 0.096379 0.093314
0 93 0.350243 0.753826 0.090538 0.198837
0 94 0.158811 0.514425 0.143447 0.075445
0 95 0.338926 0.360405 0.099546 0.137673
0 96 0.479383 0.829327 0.084253 0.068509
0 97 0.488609 0.189040 0.172481 0.062529
0 98 0.205632 0.640381 0.144968 0.124933
0 99 0.228378 0.622009 0.092439 0.147897
0 100 0.315085 0.791842 0.154476 0.090800
0 101 0.684491 0.625750 0.125886 0.103005
0 102 0.055537 0.470813 0.051890 0.165905
0 103 0.250881 0.330695 0.050903 0.153475
0 104 0.582311 0.667265 0.123334 0.171892
0 105 0.418140 0.165541 0.105690 0.081324
0 106 0.117511 0.329220 0.055220 0.152220