0 92 0.183060 0.441821 0.133493 0.057765
0 93 0.362566 0.759019 0.121823 0.169860
0 94 0.207444 0.533658 0.110925 0.057820
0 95 0.338725 0.349447 0.081860 0.152352
0 96 0.485991 0.840293 0.063950 0.048643
0 97 0.505802 0.195641 0.186382 0.074701
0 98 0.290740 0.676210 0.194632 0.083539
0 99 0.246798 0.725672 0.101847 0.178835
0 100 0.243271 0.750971 0.107709 0.121136
0 101 0.682903 0.647976 0.154361 0.090183
0 102 0.071194 0.363012 0.071274 0.171307
0 103 0.280347 0.305049 0.091808 0.119314
0 104 0.595178 0.672014 0.135505 0.164236
0 105 0.462687 0.124940 0.152947 0.043821
0 106 0.216640 0.229816 0.151072 0.059260