0 92 0.162940 0.459961 0.120225 0.066544
0 93 0.355349 0.747827 0.100959 0.179936
0 94 0.231323 0.515048 0.103789 0.075522
0 95 0.335646 0.350467 0.081708 0.139946
0 96 0.479795 0.833483 0.058636 0.055995
0 97 0.513754 0.207346 0.176767 0.094503
0 98 0.299020 0.675582 0.139990 0.068116
0 99 0.254245 0.747362 0.092535 0.158694
0 100 0.241702 0.743709 0.085633 0.126081
0 101 0.695052 0.671584 0.114645 0.148399
0 102 0.082700 0.331546 0.077347 0.176155
0 103 0.284627 0.295958 0.112851 0.070995
0 104 0.602342 0.673092 0.133171 0.153958
0 105 0.498647 0.121061 0.147301 0.032545
0 106 0.246062 0.215132 0.139712 0.070850