0 92 0.148461 0.489653 0.053375 0.130619
0 93 0.363118 0.742302 0.081569 0.200823
0 94 0.263470 0.495918 0.056018 0.096531
0 95 0.339998 0.354277 0.066145 0.130739
0 96 0.427458 0.821813 0.095245 0.077927
0 97 0.523257 0.215951 0.143011 0.101173
0 98 0.311423 0.633436 0.087643 0.196890
0 99 0.280046 0.771776 0.126381 0.121626
0 100 0.199434 0.703336 0.086335 0.138502
0 101 0.672079 0.662323 0.138815 0.094474
0 102 0.125586 0.243030 0.090908 0.161916
0 103 0.315314 0.290678 0.144058 0.063713
0 104 0.634086 0.684589 0.159372 0.119053
0 105 0.516791 0.131371 0.106185 0.061193
0 106 0.313237 0.256137 0.137829 0.095469