0 92 0.219142 0.440911 0.136799 0.047499
0 93 0.343417 0.758406 0.086786 0.175168
0 94 0.209238 0.530076 0.157122 0.057658
0 95 0.337302 0.359315 0.089413 0.141056
0 96 0.474621 0.842425 0.048970 0.036110
0 97 0.503353 0.190445 0.187771 0.063822
0 98 0.241042 0.662602 0.153568 0.076784
0 99 0.250075 0.693466 0.097862 0.144535
0 100 0.254444 0.758334 0.098554 0.118907
0 101 0.682566 0.638645 0.165517 0.060759
0 102 0.071873 0.395042 0.082953 0.159484
0 103 0.260433 0.309989 0.074526 0.142697
0 104 0.590852 0.669702 0.135380 0.167279
0 105 0.428947 0.133686 0.118727 0.049604
0 106 0.200166 0.237173 0.167003 0.090924