0 92 0.248394 0.450051 0.124195 0.054954
0 93 0.342042 0.744461 0.059796 0.203015
0 94 0.179526 0.518837 0.126535 0.068914
0 95 0.337714 0.360486 0.087778 0.148520
0 96 0.479545 0.838723 0.057353 0.047243
0 97 0.494864 0.190443 0.169401 0.062500
0 98 0.242400 0.643938 0.162307 0.109595
0 99 0.247064 0.665236 0.102379 0.145288
0 100 0.285944 0.781572 0.134560 0.066434
0 101 0.676876 0.637184 0.167058 0.052859
0 102 0.061977 0.430547 0.075068 0.154899
0 103 0.250849 0.326002 0.051385 0.143060
0 104 0.588191 0.668600 0.131925 0.171884
0 105 0.431145 0.145438 0.125760 0.048754
0 106 0.144597 0.261789 0.079579 0.145239