0 92 0.156686 0.478315 0.070950 0.106457
0 93 0.350742 0.741340 0.085472 0.189925
0 94 0.256220 0.496618 0.086921 0.098312
0 95 0.337464 0.352240 0.072176 0.140044
0 96 0.452771 0.821401 0.064055 0.075894
0 97 0.525857 0.211963 0.170025 0.100548
0 98 0.286674 0.649108 0.110766 0.164813
0 99 0.262005 0.737903 0.106173 0.178193
0 100 0.226418 0.728211 0.085175 0.171868
0 101 0.671539 0.662052 0.114289 0.140402
0 102 0.111157 0.285230 0.092054 0.165947
0 103 0.304977 0.284281 0.138414 0.051072
0 104 0.623044 0.677839 0.154344 0.145151
0 105 0.507722 0.116711 0.121546 0.031913
0 106 0.270731 0.220936 0.119497 0.049920