0 92 0.314878 0.467830 0.100823 0.092066
0 93 0.346076 0.754355 0.086650 0.190878
0 94 0.147627 0.520306 0.124151 0.092406
0 95 0.348874 0.359280 0.088212 0.139013
0 96 0.463938 0.835621 0.082980 0.058451
0 97 0.484262 0.191009 0.190151 0.060117
0 98 0.208117 0.645043 0.167542 0.145521
0 99 0.228812 0.603941 0.090411 0.129066
0 100 0.314497 0.808736 0.162445 0.085252
0 101 0.683844 0.629929 0.131375 0.106518
0 102 0.050395 0.469005 0.047978 0.174247
0 103 0.251947 0.344417 0.054227 0.131688
0 104 0.578857 0.669462 0.115413 0.178260
0 105 0.378049 0.157859 0.094851 0.057964
0 106 0.105100 0.344160 0.062272 0.146210