0 92 0.326571 0.480835 0.096075 0.100027
0 93 0.348147 0.745930 0.096789 0.170078
0 94 0.150695 0.504671 0.108859 0.080520
0 95 0.349002 0.362340 0.089344 0.136101
0 96 0.465894 0.837378 0.096968 0.054644
0 97 0.483418 0.185128 0.179652 0.072633
0 98 0.194836 0.640628 0.162272 0.144084
0 99 0.222782 0.591106 0.091272 0.151612
0 100 0.313166 0.813716 0.175749 0.081054
0 101 0.689614 0.637688 0.140832 0.109426
0 102 0.060653 0.495705 0.062946 0.100236
0 103 0.251533 0.349490 0.061402 0.138211
0 104 0.577139 0.670761 0.112820 0.181503
0 105 0.364875 0.158988 0.124210 0.061728
0 106 0.100206 0.359013 0.082626 0.135932