0 92 0.171140 0.446298 0.133172 0.055291
0 93 0.358860 0.747773 0.108185 0.182486
0 94 0.219694 0.530985 0.119977 0.055239
0 95 0.341234 0.351308 0.077180 0.137530
0 96 0.485208 0.835380 0.068639 0.056111
0 97 0.506610 0.202127 0.180114 0.082917
0 98 0.292175 0.681238 0.183329 0.073179
0 99 0.246657 0.734520 0.098677 0.175345
0 100 0.226999 0.759095 0.096878 0.107168
0 101 0.685901 0.652190 0.142183 0.104853
0 102 0.083552 0.347090 0.088747 0.175428
0 103 0.285575 0.303259 0.101968 0.102803
0 104 0.599777 0.671602 0.140441 0.161153
0 105 0.460445 0.120303 0.137112 0.039084
0 106 0.227409 0.220623 0.141362 0.061809