0 92 0.151025 0.496101 0.049088 0.140306
0 93 0.361830 0.741736 0.074127 0.195608
0 94 0.262401 0.493141 0.054363 0.102491
0 95 0.337879 0.356471 0.067039 0.125739
0 96 0.433058 0.819679 0.098219 0.081877
0 97 0.525419 0.223902 0.134300 0.114788
0 98 0.318321 0.628676 0.082519 0.191550
0 99 0.295262 0.769027 0.163925 0.117290
0 100 0.200476 0.691553 0.089580 0.146127
0 101 0.676869 0.665362 0.142024 0.079199
0 102 0.134031 0.233315 0.097528 0.166529
0 103 0.315755 0.289640 0.137734 0.063220
0 104 0.638249 0.686140 0.172445 0.111806
0 105 0.516486 0.130587 0.106419 0.059867
0 106 0.307826 0.252918 0.101302 0.093008