0 92 0.211534 0.438831 0.129076 0.048909
0 93 0.345806 0.759223 0.088468 0.173326
0 94 0.214083 0.530440 0.152140 0.055062
0 95 0.336298 0.357591 0.089909 0.143316
0 96 0.478367 0.839373 0.044007 0.046378
0 97 0.497057 0.189069 0.177457 0.059704
0 98 0.258927 0.683788 0.174558 0.116910
0 99 0.237165 0.709197 0.129253 0.154920
0 100 0.252466 0.760715 0.099103 0.130482
0 101 0.683313 0.638685 0.163506 0.063689
0 102 0.072758 0.389454 0.080916 0.158078
0 103 0.260024 0.311390 0.069255 0.138250
0 104 0.590527 0.670729 0.132671 0.165327
0 105 0.430166 0.134705 0.118347 0.056071
0 106 0.206185 0.232814 0.168139 0.083430