0 92 0.159377 0.467392 0.102732 0.080665
0 93 0.353747 0.745876 0.093447 0.182633
0 94 0.240896 0.512802 0.091535 0.073616
0 95 0.333683 0.352221 0.078299 0.140239
0 96 0.466376 0.830497 0.056058 0.063350
0 97 0.516184 0.206096 0.175139 0.087235
0 98 0.285822 0.677578 0.134921 0.122383
0 99 0.270100 0.748155 0.089429 0.139042
0 100 0.215071 0.731333 0.094098 0.133540
0 101 0.692685 0.673570 0.105966 0.140095
0 102 0.084528 0.314169 0.071640 0.180642
0 103 0.281224 0.291583 0.117363 0.062961
0 104 0.604547 0.674074 0.130837 0.146714
0 105 0.499843 0.119103 0.158302 0.032290
0 106 0.261757 0.220950 0.130876 0.060507