0 92 0.151643 0.498876 0.051276 0.135891
0 93 0.360003 0.742083 0.074843 0.208017
0 94 0.263858 0.494213 0.054111 0.115320
0 95 0.337021 0.357798 0.068513 0.127046
0 96 0.435372 0.804219 0.091849 0.115957
0 97 0.524535 0.222048 0.132243 0.112866
0 98 0.318472 0.627491 0.078048 0.184251
0 99 0.269021 0.761956 0.116543 0.123308
0 100 0.207622 0.692623 0.103881 0.146224
0 101 0.677547 0.666955 0.152385 0.068200
0 102 0.141288 0.219951 0.099356 0.163469
0 103 0.325930 0.289132 0.143383 0.060399
0 104 0.639910 0.688563 0.173476 0.103627
0 105 0.521534 0.130119 0.106370 0.059517
0 106 0.320551 0.257973 0.105961 0.071528