0 92 0.215332 0.441098 0.141202 0.047794
0 93 0.343611 0.758850 0.085950 0.174327
0 94 0.210901 0.530158 0.155472 0.056651
0 95 0.336098 0.358220 0.090647 0.140541
0 96 0.474787 0.839239 0.046357 0.043883
0 97 0.498555 0.189342 0.177808 0.061397
0 98 0.245252 0.669745 0.152677 0.080532
0 99 0.252334 0.679090 0.096357 0.126613
0 100 0.253909 0.772132 0.109768 0.094098
0 101 0.682605 0.638259 0.165489 0.061588
0 102 0.071839 0.394697 0.082360 0.157741
0 103 0.259155 0.310700 0.071721 0.137715
0 104 0.590677 0.669770 0.133985 0.166690
0 105 0.431522 0.134150 0.118168 0.051515
0 106 0.202329 0.235743 0.166600 0.088192