0 92 0.328024 0.494356 0.101832 0.098539
0 93 0.347244 0.755573 0.108028 0.121473
0 94 0.169144 0.511977 0.130483 0.109293
0 95 0.346333 0.360492 0.094055 0.142449
0 96 0.464509 0.840341 0.121080 0.051127
0 97 0.490959 0.189630 0.168317 0.064332
0 98 0.188421 0.635311 0.159098 0.135574
0 99 0.216451 0.578072 0.086904 0.142361
0 100 0.316254 0.799018 0.180046 0.069820
0 101 0.712571 0.637618 0.106347 0.119123
0 102 0.067286 0.514358 0.056071 0.118241
0 103 0.251195 0.357858 0.064502 0.130878
0 104 0.580638 0.671305 0.120198 0.181642
0 105 0.359229 0.151460 0.133996 0.052695
0 106 0.099155 0.377677 0.090726 0.147175