0 92 0.249743 0.452184 0.125553 0.058439
0 93 0.344296 0.739521 0.058500 0.191982
0 94 0.176612 0.518112 0.126259 0.068774
0 95 0.337861 0.360759 0.087660 0.147946
0 96 0.477653 0.834793 0.059003 0.057117
0 97 0.497590 0.191882 0.174661 0.063063
0 98 0.239143 0.645285 0.149445 0.116524
0 99 0.242547 0.664107 0.096357 0.141524
0 100 0.285601 0.776160 0.135399 0.069906
0 101 0.675367 0.635465 0.170529 0.054498
0 102 0.061697 0.434074 0.076508 0.158382
0 103 0.250278 0.328019 0.051381 0.143852
0 104 0.586849 0.667935 0.128669 0.171509
0 105 0.428793 0.145570 0.130034 0.051893
0 106 0.144034 0.265390 0.081232 0.149451