0 92 0.199260 0.440721 0.115954 0.058675
0 93 0.360828 0.762480 0.110743 0.155832
0 94 0.208503 0.534639 0.120544 0.050752
0 95 0.337742 0.350657 0.083395 0.151415
0 96 0.483789 0.839256 0.067892 0.046484
0 97 0.508109 0.197166 0.189753 0.075330
0 98 0.301355 0.677213 0.225644 0.087325
0 99 0.241039 0.724108 0.111406 0.174202
0 100 0.251671 0.763565 0.080846 0.098092
0 101 0.682014 0.642967 0.158424 0.082092
0 102 0.075256 0.368828 0.079502 0.169109
0 103 0.274893 0.307278 0.088683 0.121090
0 104 0.594466 0.671592 0.136826 0.165724
0 105 0.457928 0.126289 0.158951 0.046891
0 106 0.214538 0.230989 0.154239 0.060964