0 92 0.287318 0.460657 0.101403 0.091093
0 93 0.348092 0.751308 0.087107 0.202291
0 94 0.165297 0.514058 0.133043 0.075399
0 95 0.337691 0.360556 0.094156 0.138885
0 96 0.481303 0.830815 0.075773 0.066182
0 97 0.476580 0.181485 0.188397 0.075724
0 98 0.213807 0.642530 0.145068 0.124165
0 99 0.231573 0.630148 0.101008 0.149732
0 100 0.311038 0.796430 0.164716 0.106156
0 101 0.689100 0.624176 0.119076 0.097672
0 102 0.048356 0.468666 0.046471 0.157545
0 104 0.581694 0.665337 0.122618 0.168534
0 105 0.427358 0.164651 0.108690 0.077773
0 106 0.119775 0.315435 0.052244 0.148316