0 92 0.163822 0.459471 0.120898 0.068488
0 93 0.355260 0.747963 0.101531 0.179145
0 94 0.231617 0.515786 0.106217 0.072112
0 95 0.336211 0.349528 0.083019 0.142864
0 96 0.481059 0.833030 0.060378 0.058551
0 97 0.510503 0.206827 0.181464 0.093707
0 98 0.292396 0.684427 0.160380 0.081573
0 99 0.255200 0.743112 0.111703 0.167194
0 100 0.235676 0.745850 0.088635 0.136385
0 101 0.694403 0.670420 0.116738 0.143715
0 102 0.083188 0.335806 0.079762 0.172596
0 103 0.283951 0.297704 0.109001 0.072421
0 104 0.602496 0.672656 0.135288 0.155394
0 105 0.505453 0.121449 0.131441 0.033148
0 106 0.243435 0.217364 0.134308 0.063857