0 92 0.326640 0.492089 0.099092 0.093779
0 93 0.344959 0.749120 0.100647 0.117424
0 94 0.175656 0.515779 0.123267 0.102166
0 95 0.346757 0.358327 0.093191 0.145937
0 96 0.465625 0.838229 0.117997 0.054668
0 97 0.487924 0.189252 0.169456 0.064931
0 98 0.187848 0.635924 0.157748 0.135640
0 99 0.216536 0.579699 0.087203 0.141640
0 100 0.316720 0.799711 0.172499 0.078103
0 101 0.711100 0.637602 0.105982 0.117511
0 102 0.067442 0.509627 0.057413 0.115928
0 103 0.251025 0.358203 0.063395 0.130365
0 104 0.579359 0.671479 0.117159 0.181918
0 105 0.363369 0.151084 0.128726 0.053448
0 106 0.098626 0.375618 0.088964 0.147538