0 92 0.151157 0.500307 0.051315 0.136916
0 93 0.360662 0.743979 0.075810 0.203857
0 94 0.262457 0.493350 0.052140 0.110909
0 95 0.337400 0.357381 0.068299 0.128291
0 96 0.434203 0.821471 0.095872 0.080884
0 97 0.525016 0.222294 0.133066 0.113406
0 98 0.318889 0.629605 0.079790 0.190690
0 99 0.281073 0.767846 0.143677 0.113952
0 100 0.201567 0.688071 0.092046 0.147781
0 101 0.682821 0.668302 0.143426 0.070703
0 102 0.135075 0.228016 0.092323 0.158777
0 103 0.324599 0.285379 0.141527 0.057366
0 104 0.639125 0.688156 0.174771 0.105889
0 105 0.518559 0.129825 0.103726 0.057829
0 106 0.310908 0.250073 0.096641 0.064744