0 92 0.152943 0.498946 0.052578 0.133651
0 93 0.359679 0.743735 0.072959 0.206270
0 94 0.264483 0.492849 0.053791 0.114729
0 95 0.335238 0.356848 0.071078 0.129109
0 96 0.431835 0.801873 0.093708 0.121429
0 97 0.525766 0.221926 0.131344 0.111676
0 98 0.330084 0.620278 0.100237 0.197499
0 99 0.269751 0.759572 0.128377 0.124832
0 100 0.202275 0.693369 0.085734 0.134492
0 101 0.676118 0.664949 0.152241 0.065677
0 102 0.143089 0.215527 0.103810 0.169066
0 103 0.315070 0.286495 0.112651 0.066865
0 104 0.641886 0.687326 0.172788 0.099636
0 105 0.530054 0.131418 0.103358 0.062430
0 106 0.322982 0.252517 0.118004 0.085132