0 92 0.255534 0.455841 0.125153 0.069128
0 93 0.342602 0.746509 0.063817 0.199064
0 94 0.172200 0.515142 0.123660 0.070753
0 95 0.337786 0.359747 0.088151 0.148975
0 96 0.472894 0.835422 0.063623 0.054773
0 97 0.500476 0.192792 0.177394 0.062521
0 98 0.238400 0.641199 0.160357 0.118083
0 99 0.235020 0.650557 0.096357 0.138512
0 100 0.291961 0.780740 0.140899 0.071293
0 101 0.678214 0.632022 0.165575 0.059736
0 102 0.060878 0.438537 0.075915 0.164889
0 103 0.250273 0.327346 0.049792 0.143815
0 104 0.585091 0.668588 0.126874 0.173138
0 105 0.429592 0.147367 0.121656 0.057056
0 106 0.143747 0.276995 0.081722 0.150123