0 92 0.282722 0.457159 0.100652 0.083609
0 93 0.348328 0.749835 0.081669 0.205343
0 94 0.164453 0.514718 0.126658 0.074484
0 95 0.339369 0.362371 0.089336 0.137344
0 96 0.479083 0.835877 0.064316 0.056801
0 97 0.488717 0.191422 0.195478 0.059976
0 98 0.217727 0.642728 0.143236 0.123691
0 99 0.229374 0.641524 0.089581 0.152063
0 100 0.307038 0.794045 0.165155 0.107534
0 101 0.690176 0.623034 0.126426 0.091413
0 102 0.049497 0.465880 0.050959 0.150728
0 103 0.248197 0.328946 0.051116 0.148811
0 104 0.582230 0.665852 0.123950 0.171824
0 105 0.426983 0.159359 0.104698 0.071134
0 106 0.122162 0.305091 0.053128 0.151967