0 92 0.160278 0.480174 0.074478 0.106514
0 93 0.350654 0.747477 0.087956 0.183866
0 94 0.254063 0.499195 0.084916 0.097896
0 95 0.336966 0.355802 0.072591 0.133856
0 96 0.447188 0.817341 0.063847 0.084241
0 97 0.525257 0.211311 0.170026 0.098771
0 98 0.292023 0.651686 0.107582 0.151447
0 99 0.264000 0.744723 0.092588 0.149188
0 100 0.223126 0.727706 0.080098 0.146769
0 101 0.677287 0.665616 0.103624 0.146329
0 102 0.103368 0.291512 0.087913 0.170599
0 103 0.302839 0.284787 0.143471 0.053092
0 104 0.617445 0.677676 0.144748 0.147197
0 105 0.500579 0.116367 0.133106 0.030474
0 106 0.265208 0.222898 0.110396 0.045924