0 92 0.168831 0.449332 0.125166 0.057655
0 93 0.358454 0.748461 0.108976 0.179667
0 94 0.228025 0.524676 0.122093 0.063894
0 95 0.340439 0.350409 0.079114 0.137150
0 96 0.484624 0.833421 0.067359 0.059050
0 97 0.508845 0.203227 0.181286 0.086473
0 98 0.295019 0.684917 0.175783 0.069243
0 99 0.245852 0.738164 0.097276 0.163539
0 100 0.235945 0.743012 0.093690 0.141249
0 101 0.691678 0.655255 0.129823 0.111753
0 102 0.084217 0.343482 0.088595 0.172101
0 103 0.287331 0.300525 0.111235 0.088684
0 104 0.603324 0.673672 0.143070 0.157363
0 105 0.467606 0.118120 0.136423 0.035315
0 106 0.228124 0.220274 0.132048 0.055366