0 92 0.295714 0.462731 0.093156 0.092846
0 93 0.350386 0.752235 0.090368 0.199987
0 94 0.160538 0.514514 0.131009 0.076057
0 95 0.337882 0.361149 0.097348 0.138319
0 96 0.480109 0.825936 0.079002 0.076086
0 97 0.477295 0.176933 0.195959 0.085704
0 98 0.211344 0.640715 0.147585 0.124806
0 99 0.230093 0.626663 0.098627 0.152057
0 100 0.315385 0.794959 0.160206 0.096709
0 101 0.686986 0.625204 0.119966 0.102064
0 102 0.050541 0.468472 0.049564 0.163581
0 103 0.248170 0.329393 0.053399 0.151537
0 104 0.582300 0.666037 0.124091 0.168582
0 105 0.420006 0.166351 0.094648 0.081413
0 106 0.118757 0.324366 0.053036 0.145649