0 92 0.188449 0.441512 0.134624 0.061649
0 93 0.364536 0.761538 0.113455 0.162647
0 94 0.206376 0.534323 0.112753 0.055329
0 95 0.338649 0.350272 0.081975 0.151093
0 96 0.482901 0.838541 0.066783 0.047530
0 97 0.506742 0.196028 0.188185 0.075377
0 98 0.299990 0.677279 0.221862 0.086296
0 99 0.243551 0.716356 0.110409 0.155687
0 100 0.244655 0.748836 0.100493 0.121934
0 101 0.682497 0.645250 0.156286 0.087421
0 102 0.074367 0.365936 0.076299 0.170764
0 103 0.271023 0.306739 0.075148 0.124085
0 104 0.594761 0.671868 0.136224 0.165513
0 105 0.458419 0.124756 0.154409 0.045344
0 106 0.215370 0.229918 0.153349 0.061306