0 92 0.244674 0.440011 0.125916 0.052949
0 93 0.340665 0.748751 0.064085 0.198975
0 94 0.187234 0.520447 0.135357 0.066181
0 95 0.339421 0.363627 0.084536 0.140430
0 96 0.480287 0.842618 0.059051 0.036633
0 97 0.498073 0.193099 0.179357 0.071002
0 98 0.239698 0.646083 0.156634 0.094837
0 99 0.246688 0.669000 0.101626 0.139265
0 100 0.288514 0.770948 0.131455 0.095320
0 101 0.681029 0.638668 0.168513 0.050629
0 102 0.062991 0.420643 0.074795 0.144209
0 103 0.261444 0.318653 0.073633 0.157374
0 104 0.588963 0.669687 0.133543 0.170458
0 105 0.433490 0.140718 0.126010 0.052322
0 106 0.166438 0.260103 0.106813 0.109070