0 92 0.209461 0.440636 0.131195 0.054298
0 93 0.348635 0.760549 0.090358 0.171274
0 94 0.217452 0.531285 0.151998 0.052805
0 95 0.335078 0.355299 0.088330 0.146438
0 96 0.481079 0.838514 0.047581 0.046592
0 97 0.499933 0.190311 0.183042 0.061811
0 98 0.274012 0.676345 0.195332 0.091696
0 99 0.243126 0.710088 0.129131 0.150678
0 100 0.254297 0.751209 0.096367 0.102087
0 101 0.682431 0.641411 0.164894 0.069668
0 102 0.074957 0.378798 0.082207 0.171580
0 103 0.263503 0.310984 0.073683 0.135911
0 104 0.590866 0.670885 0.133032 0.164761
0 105 0.453684 0.134410 0.161447 0.055416
0 106 0.207807 0.231226 0.166880 0.077168