0 92 0.246973 0.445074 0.123488 0.048695
0 93 0.340491 0.744986 0.062342 0.203598
0 94 0.181018 0.518909 0.123862 0.070100
0 95 0.337662 0.361893 0.087483 0.145680
0 96 0.480129 0.841943 0.051821 0.038619
0 97 0.498468 0.194038 0.177969 0.072668
0 98 0.236576 0.646298 0.157983 0.104874
0 99 0.250075 0.669753 0.108401 0.139265
0 100 0.287782 0.779826 0.137850 0.089639
0 101 0.678698 0.639104 0.167945 0.050178
0 102 0.061421 0.426654 0.073363 0.144940
0 103 0.253350 0.324135 0.054861 0.148265
0 104 0.589838 0.669457 0.134750 0.171169
0 105 0.430148 0.141847 0.119876 0.050885
0 106 0.147607 0.258627 0.084632 0.131819