0 92 0.158961 0.464834 0.101088 0.073282
0 93 0.353979 0.742588 0.093248 0.188023
0 94 0.249748 0.512961 0.099758 0.073554
0 95 0.332554 0.349422 0.079344 0.145141
0 96 0.465419 0.829942 0.050772 0.064762
0 97 0.516176 0.205568 0.173339 0.086004
0 98 0.279727 0.677597 0.139890 0.138032
0 99 0.267853 0.747630 0.108979 0.158157
0 100 0.227243 0.736298 0.091343 0.142876
0 101 0.690751 0.674914 0.108775 0.143962
0 102 0.085841 0.311263 0.072732 0.177080
0 103 0.280530 0.290582 0.117187 0.060519
0 104 0.605943 0.674373 0.132901 0.145805
0 105 0.506951 0.119098 0.141048 0.031035
0 106 0.257654 0.219825 0.112634 0.059230