0 92 0.148273 0.491267 0.051950 0.132624
0 93 0.365199 0.739539 0.089547 0.199521
0 94 0.263099 0.494633 0.057670 0.099340
0 95 0.337607 0.350083 0.072059 0.140215
0 96 0.430243 0.823266 0.086003 0.076491
0 97 0.524122 0.215224 0.144770 0.099653
0 98 0.309739 0.636104 0.086036 0.193037
0 99 0.278048 0.770116 0.131998 0.131271
0 100 0.198247 0.704349 0.084007 0.135826
0 101 0.670113 0.661637 0.133983 0.100059
0 102 0.120801 0.246412 0.083392 0.160890
0 103 0.316135 0.291224 0.145999 0.069076
0 104 0.630938 0.683930 0.159035 0.126964
0 105 0.515781 0.131977 0.109744 0.061974
0 106 0.314042 0.254726 0.145631 0.095047