0 92 0.322418 0.472296 0.097373 0.096490
0 93 0.345438 0.754668 0.092859 0.153760
0 94 0.147430 0.520094 0.125440 0.104682
0 95 0.350876 0.363778 0.085613 0.131156
0 96 0.460682 0.836332 0.086988 0.056321
0 97 0.490608 0.192507 0.164289 0.058653
0 98 0.203352 0.647801 0.166963 0.150339
0 99 0.225967 0.595432 0.093300 0.141371
0 100 0.316511 0.815680 0.166885 0.076504
0 101 0.686287 0.634961 0.137116 0.106055
0 102 0.052475 0.477472 0.062055 0.135322
0 103 0.252239 0.351541 0.057528 0.126348
0 104 0.578607 0.669656 0.115147 0.178681
0 105 0.362993 0.155977 0.091840 0.063234
0 106 0.103492 0.353143 0.074181 0.137736