0 92 0.327180 0.483515 0.095267 0.099929
0 93 0.345678 0.746997 0.091734 0.172503
0 94 0.158280 0.506927 0.111055 0.088114
0 95 0.348319 0.359131 0.090413 0.143200
0 96 0.466385 0.836788 0.103792 0.056929
0 97 0.488914 0.187070 0.192886 0.068690
0 98 0.192678 0.640833 0.165477 0.146469
0 99 0.220037 0.582825 0.088033 0.139407
0 100 0.310509 0.808450 0.181275 0.079898
0 101 0.691694 0.637627 0.138679 0.112218
0 102 0.063105 0.499855 0.063467 0.111069
0 103 0.251629 0.354142 0.062185 0.135297
0 104 0.578110 0.670988 0.114451 0.181353
0 105 0.362240 0.155601 0.118940 0.051942
0 106 0.099005 0.359731 0.085600 0.129464