0 92 0.161981 0.478585 0.082647 0.100762
0 93 0.351932 0.746937 0.090224 0.183437
0 94 0.255865 0.504841 0.089779 0.086987
0 95 0.335371 0.355858 0.076756 0.134765
0 96 0.458562 0.815992 0.047142 0.090765
0 97 0.521760 0.208397 0.171435 0.093881
0 98 0.287280 0.653915 0.125072 0.150739
0 99 0.266219 0.743832 0.092783 0.140192
0 100 0.226051 0.721562 0.105519 0.167605
0 101 0.680723 0.671560 0.101372 0.155913
0 102 0.099332 0.297327 0.089156 0.174176
0 103 0.304537 0.285802 0.147999 0.054003
0 104 0.613120 0.677200 0.141335 0.150394
0 105 0.503858 0.117031 0.130877 0.030938
0 106 0.260468 0.221250 0.113789 0.047991