0 92 0.245742 0.447965 0.125655 0.052470
0 93 0.341781 0.744041 0.055543 0.203619
0 94 0.181157 0.518964 0.124830 0.070018
0 95 0.337647 0.360071 0.086986 0.147893
0 96 0.479476 0.838185 0.056594 0.044697
0 97 0.496237 0.190750 0.169075 0.063978
0 98 0.238339 0.645659 0.158974 0.106154
0 99 0.244429 0.665236 0.098615 0.145288
0 100 0.289859 0.779086 0.140460 0.073465
0 101 0.677229 0.638524 0.168245 0.051253
0 102 0.062582 0.427651 0.075822 0.150798
0 103 0.251079 0.325999 0.050948 0.142020
0 104 0.589101 0.668979 0.133478 0.171218
0 105 0.432574 0.143220 0.125261 0.048234
0 106 0.144290 0.259253 0.078931 0.139649