0 92 0.206896 0.439080 0.119906 0.053108
0 93 0.346309 0.761542 0.081135 0.168573
0 94 0.214638 0.533094 0.146793 0.051134
0 95 0.335413 0.354027 0.085992 0.147985
0 96 0.486318 0.837941 0.054984 0.044912
0 97 0.505703 0.193700 0.188769 0.069611
0 98 0.284408 0.677707 0.202670 0.092364
0 99 0.241501 0.710936 0.115342 0.144847
0 100 0.251113 0.749728 0.101184 0.102144
0 101 0.682371 0.641723 0.162505 0.071618
0 102 0.074450 0.375773 0.083731 0.168343
0 103 0.267940 0.306178 0.080056 0.129063
0 104 0.590434 0.670679 0.131503 0.163256
0 105 0.454963 0.131382 0.171288 0.052970
0 106 0.209444 0.231488 0.162062 0.068709