0 92 0.157851 0.479417 0.072344 0.106998
0 93 0.350501 0.743859 0.086854 0.191569
0 94 0.254446 0.498364 0.084423 0.098126
0 95 0.337546 0.353653 0.072012 0.137916
0 96 0.449985 0.818916 0.063855 0.083202
0 97 0.525296 0.211836 0.169354 0.100297
0 98 0.289086 0.650270 0.107618 0.159170
0 99 0.258531 0.730924 0.101034 0.171269
0 100 0.232994 0.725492 0.092306 0.154387
0 101 0.675347 0.661891 0.107869 0.139858
0 102 0.104825 0.289244 0.086021 0.166853
0 103 0.304616 0.284914 0.144251 0.053698
0 104 0.619611 0.678247 0.148558 0.146828
0 105 0.505279 0.116949 0.128334 0.031282
0 106 0.272315 0.221440 0.121236 0.048691