0 92 0.227815 0.438055 0.120868 0.052191
0 93 0.340292 0.755800 0.077225 0.182095
0 94 0.205829 0.527995 0.154951 0.060688
0 95 0.336780 0.358952 0.089832 0.138574
0 96 0.469485 0.840713 0.057023 0.035135
0 97 0.502149 0.192408 0.189913 0.066902
0 98 0.247817 0.662602 0.150557 0.084312
0 99 0.246688 0.678787 0.095604 0.139265
0 100 0.257380 0.767483 0.102364 0.090733
0 101 0.683142 0.638805 0.164609 0.056077
0 102 0.067915 0.405181 0.078394 0.148173
0 103 0.261644 0.309255 0.079670 0.151424
0 104 0.589882 0.669951 0.134258 0.167515
0 105 0.440400 0.136025 0.116305 0.049704
0 106 0.187063 0.243062 0.147563 0.095916