0 92 0.173497 0.442418 0.152566 0.052408
0 93 0.361535 0.757281 0.127177 0.171643
0 94 0.207091 0.533898 0.111151 0.055915
0 95 0.339109 0.348546 0.079567 0.148447
0 96 0.480003 0.839278 0.060224 0.051789
0 97 0.506002 0.198396 0.186077 0.078025
0 98 0.290303 0.677425 0.180323 0.080087
0 99 0.249401 0.717512 0.099525 0.157999
0 100 0.240300 0.751640 0.113581 0.117492
0 101 0.682607 0.650250 0.152961 0.095085
0 102 0.077266 0.358215 0.079727 0.174804
0 103 0.278275 0.301422 0.099911 0.106668
0 104 0.595641 0.672625 0.135462 0.164480
0 105 0.462703 0.123544 0.163012 0.042868
0 106 0.215155 0.228889 0.139020 0.051885