0 92 0.168315 0.450926 0.121792 0.058778
0 93 0.356718 0.748565 0.103024 0.176074
0 94 0.228668 0.525109 0.111771 0.060400
0 95 0.339682 0.350982 0.079488 0.136461
0 96 0.482012 0.832721 0.059155 0.061432
0 97 0.510664 0.207421 0.181615 0.096019
0 98 0.295067 0.686371 0.170394 0.076313
0 99 0.252555 0.742722 0.110969 0.167974
0 100 0.236127 0.745130 0.091044 0.131935
0 101 0.695557 0.661790 0.118180 0.124740
0 102 0.084546 0.342060 0.084698 0.169613
0 103 0.287308 0.300303 0.117480 0.088619
0 104 0.605065 0.674276 0.145154 0.158498
0 105 0.484668 0.119014 0.177908 0.032385
0 106 0.239123 0.217352 0.147525 0.065973