0 92 0.310426 0.465960 0.104944 0.095403
0 93 0.346265 0.753867 0.084930 0.186800
0 94 0.158376 0.513556 0.142103 0.079948
0 95 0.346781 0.359114 0.090368 0.139295
0 96 0.467516 0.835986 0.090789 0.058525
0 97 0.481771 0.189103 0.199348 0.062825
0 98 0.208947 0.643663 0.166599 0.144417
0 99 0.229291 0.616872 0.095280 0.145027
0 100 0.314017 0.801392 0.160446 0.087319
0 101 0.683271 0.630481 0.130262 0.108782
0 102 0.049663 0.470721 0.046385 0.171809
0 103 0.252203 0.338378 0.052866 0.142368
0 104 0.578693 0.668986 0.115691 0.177204
0 105 0.391324 0.167875 0.109357 0.087029
0 106 0.107691 0.341424 0.066116 0.147656