0 92 0.161185 0.461140 0.115057 0.067294
0 93 0.354468 0.748305 0.099923 0.179734
0 94 0.233894 0.512087 0.098796 0.073758
0 95 0.335446 0.355184 0.077469 0.132391
0 96 0.474225 0.833711 0.052458 0.056961
0 97 0.517605 0.207850 0.178271 0.094587
0 98 0.288272 0.671296 0.144640 0.102109
0 99 0.264633 0.742459 0.076274 0.150432
0 100 0.230879 0.742773 0.079042 0.124210
0 101 0.696146 0.672647 0.109884 0.150912
0 102 0.082394 0.323012 0.073031 0.183161
0 103 0.282842 0.293781 0.121428 0.069575
0 104 0.601878 0.673203 0.129476 0.152872
0 105 0.493768 0.119859 0.159794 0.032865
0 106 0.243358 0.220030 0.120824 0.061461