0 92 0.199790 0.440917 0.114367 0.056750
0 93 0.363117 0.762388 0.106691 0.152934
0 94 0.208874 0.534034 0.127271 0.051007
0 95 0.336912 0.350478 0.084763 0.152459
0 96 0.483686 0.839362 0.067890 0.045075
0 97 0.508356 0.196294 0.190590 0.074638
0 98 0.288924 0.676114 0.208807 0.086179
0 99 0.245294 0.720261 0.115399 0.158981
0 100 0.255791 0.760425 0.081555 0.099961
0 101 0.682011 0.642249 0.160263 0.077765
0 102 0.075873 0.373435 0.079165 0.165487
0 103 0.273085 0.302476 0.088495 0.113605
0 104 0.593950 0.671857 0.137825 0.163920
0 105 0.455945 0.127393 0.164335 0.049826
0 106 0.210322 0.232249 0.151357 0.062319