0 92 0.330622 0.498017 0.104212 0.093787
0 93 0.346071 0.739872 0.108975 0.144276
0 94 0.168374 0.517865 0.126105 0.110983
0 95 0.345710 0.359411 0.093551 0.146928
0 96 0.463397 0.840175 0.122451 0.051098
0 97 0.490256 0.189953 0.170532 0.063318
0 98 0.187166 0.632329 0.156709 0.130429
0 99 0.214885 0.576091 0.086126 0.138196
0 100 0.317383 0.795827 0.183352 0.066002
0 101 0.711612 0.640373 0.111854 0.126232
0 102 0.067488 0.510085 0.057608 0.138202
0 103 0.251098 0.357571 0.066772 0.131692
0 104 0.578847 0.671286 0.115703 0.181490
0 105 0.360358 0.148073 0.133243 0.050437
0 106 0.099540 0.372624 0.090117 0.128766