0 92 0.364436 0.519458 0.097068 0.102682
0 93 0.369197 0.754213 0.122099 0.143548
0 94 0.145992 0.507843 0.061199 0.109376
0 95 0.342812 0.367665 0.100959 0.132288
0 96 0.436412 0.828590 0.150293 0.068202
0 97 0.478213 0.194271 0.146197 0.056502
0 98 0.180435 0.613299 0.164546 0.111456
0 99 0.204826 0.557765 0.097652 0.158116
0 100 0.350071 0.794177 0.163570 0.061421
0 101 0.708336 0.629443 0.131413 0.095144
0 102 0.068831 0.550823 0.062257 0.154339
0 103 0.262103 0.363152 0.074263 0.127202
0 104 0.578649 0.674624 0.123034 0.176732
0 105 0.353207 0.158612 0.156579 0.056459
0 106 0.094463 0.411039 0.087537 0.129059