0 92 0.381048 0.543932 0.107935 0.111411
0 93 0.367886 0.774014 0.128726 0.168624
0 94 0.146448 0.491930 0.058733 0.117248
0 95 0.343080 0.367718 0.110442 0.131270
0 96 0.422279 0.822738 0.123420 0.068628
0 97 0.478826 0.195612 0.145920 0.053612
0 98 0.166321 0.588885 0.160482 0.122906
0 99 0.186319 0.555589 0.115684 0.152684
0 100 0.364459 0.785790 0.192274 0.059037
0 101 0.700466 0.618742 0.155977 0.056165
0 102 0.078397 0.580421 0.060665 0.203689
0 103 0.259500 0.392829 0.082333 0.114850
0 104 0.561097 0.679979 0.133598 0.173109
0 105 0.328741 0.169527 0.169377 0.058717
0 106 0.077707 0.445884 0.063549 0.158824