0 92 0.401591 0.558681 0.095508 0.123197
0 93 0.371650 0.769121 0.133243 0.155827
0 94 0.144250 0.490474 0.069536 0.113184
0 95 0.350037 0.368823 0.101046 0.129420
0 97 0.480789 0.195262 0.147682 0.057255
0 98 0.176456 0.597398 0.138205 0.122880
0 99 0.183379 0.547036 0.132191 0.144017
0 100 0.390270 0.780888 0.174600 0.060476
0 101 0.696713 0.622295 0.166357 0.049943
0 102 0.095174 0.611274 0.085065 0.196116
0 103 0.261464 0.404184 0.087860 0.123133
0 104 0.544469 0.679036 0.116147 0.162324
0 105 0.286880 0.178446 0.121354 0.049617
0 106 0.086164 0.477961 0.066638 0.159173