0 92 0.516399 0.695608 0.132815 0.063466
0 93 0.427356 0.806007 0.169377 0.101626
0 94 0.151596 0.359760 0.051976 0.118212
0 95 0.359751 0.371519 0.102158 0.145612
0 96 0.424984 0.825872 0.174121 0.070929
0 97 0.474134 0.193816 0.130858 0.061536
0 98 0.088979 0.499247 0.088829 0.088829
0 99 0.113853 0.455210 0.083899 0.068504
0 100 0.508293 0.760765 0.181334 0.063592
0 101 0.735459 0.612548 0.160526 0.068505
0 102 0.246050 0.766797 0.176225 0.105797
0 103 0.296745 0.434060 0.050546 0.160625
0 104 0.574526 0.669000 0.179163 0.104637
0 105 0.235922 0.235999 0.064640 0.139649
0 106 0.191341 0.657671 0.093023 0.145075