0 92 0.509410 0.681045 0.125715 0.080548
0 93 0.413806 0.805631 0.184432 0.103884
0 94 0.154824 0.381551 0.048173 0.141125
0 95 0.358987 0.369260 0.102804 0.146107
0 96 0.426440 0.826395 0.179921 0.080284
0 97 0.470883 0.195852 0.126731 0.059653
0 98 0.100244 0.497066 0.099577 0.091475
0 99 0.131450 0.476086 0.119817 0.097513
0 100 0.499201 0.766092 0.175851 0.070391
0 101 0.737506 0.609392 0.150776 0.077982
0 102 0.222870 0.755619 0.184243 0.103469
0 103 0.295233 0.439507 0.050264 0.149778
0 104 0.575061 0.663906 0.196795 0.077187
0 105 0.240138 0.233057 0.079320 0.129263
0 106 0.181955 0.654814 0.102226 0.132793