0 92 0.545482 0.672995 0.162938 0.125009
0 93 0.432249 0.792457 0.173141 0.122704
0 94 0.155577 0.350645 0.061960 0.145613
0 95 0.359128 0.375471 0.103137 0.137482
0 96 0.428780 0.828542 0.190618 0.074624
0 97 0.463843 0.197938 0.118301 0.054502
0 98 0.088482 0.493428 0.080452 0.118160
0 99 0.122008 0.464651 0.096379 0.088168
0 100 0.516636 0.752541 0.198465 0.072311
0 101 0.731921 0.613688 0.172567 0.062077
0 102 0.270127 0.775350 0.173367 0.091721
0 103 0.296754 0.435440 0.049116 0.163208
0 105 0.238261 0.238950 0.061349 0.145966
0 106 0.198387 0.662829 0.100054 0.159891