0 92 0.522320 0.676574 0.154041 0.082547
0 93 0.412301 0.807513 0.178410 0.107648
0 94 0.158030 0.384816 0.051152 0.146630
0 95 0.358935 0.369512 0.103631 0.146180
0 96 0.426113 0.828653 0.179675 0.074279
0 97 0.472084 0.194780 0.127649 0.061367
0 98 0.105264 0.495489 0.100772 0.112869
0 99 0.132511 0.481796 0.134255 0.107170
0 100 0.496612 0.766110 0.179916 0.073020
0 101 0.737252 0.609332 0.150580 0.078507
0 102 0.221303 0.746540 0.178521 0.120476
0 103 0.295048 0.440159 0.050153 0.149616
0 104 0.564494 0.668002 0.221282 0.089565
0 105 0.241307 0.232292 0.080440 0.123192
0 106 0.181134 0.655329 0.105545 0.132409