0 92 0.529016 0.706453 0.139197 0.068877
0 93 0.436013 0.800738 0.176152 0.118187
0 94 0.155479 0.349949 0.061556 0.142888
0 95 0.359174 0.374877 0.102166 0.137224
0 96 0.423767 0.825854 0.179566 0.069460
0 97 0.469207 0.198080 0.124218 0.054865
0 98 0.088951 0.495092 0.080402 0.115451
0 99 0.104788 0.454833 0.072267 0.055706
0 100 0.516231 0.753519 0.191442 0.075944
0 101 0.732138 0.613257 0.171176 0.062547
0 102 0.266639 0.774875 0.169648 0.093804
0 103 0.296577 0.434698 0.049731 0.161194
0 104 0.560599 0.662225 0.130232 0.107648
0 105 0.237049 0.237636 0.060603 0.143453
0 106 0.194848 0.661470 0.102200 0.155305