0 92 0.332368 0.499980 0.105191 0.092771
0 93 0.348043 0.738751 0.111688 0.142065
0 94 0.167444 0.518043 0.112603 0.102211
0 95 0.344994 0.361118 0.094205 0.143625
0 96 0.462652 0.840177 0.127864 0.051495
0 97 0.483949 0.188216 0.162024 0.066793
0 98 0.186612 0.629067 0.156171 0.127542
0 99 0.212472 0.572552 0.089434 0.141833
0 100 0.322870 0.797940 0.177637 0.064252
0 101 0.712659 0.640185 0.111715 0.128787
0 102 0.068118 0.524692 0.057968 0.119773
0 103 0.250571 0.357133 0.068787 0.130650
0 104 0.578284 0.671294 0.114696 0.183052
0 105 0.365628 0.150708 0.151310 0.051189
0 106 0.098031 0.379274 0.093756 0.141191