0 92 0.456388 0.638608 0.087563 0.118740
0 93 0.397998 0.800738 0.133243 0.113671
0 94 0.173922 0.438854 0.055462 0.135160
0 95 0.353163 0.371456 0.109591 0.129652
0 96 0.419935 0.827972 0.171306 0.070784
0 97 0.470035 0.194467 0.124309 0.064397
0 98 0.099518 0.529735 0.073773 0.107648
0 99 0.145058 0.500176 0.128059 0.105838
0 100 0.437716 0.767485 0.216194 0.066644
0 101 0.707817 0.612432 0.167022 0.065263
0 102 0.163639 0.693467 0.161117 0.164577
0 103 0.291584 0.422233 0.052939 0.162909
0 104 0.546548 0.672358 0.141247 0.147929
0 105 0.265115 0.210156 0.129397 0.082711
0 106 0.163777 0.599588 0.103340 0.110971