0 93 0.470265 0.824450 0.178410 0.060223
0 94 0.164876 0.321121 0.066121 0.144744
0 95 0.372086 0.376469 0.101099 0.128207
0 96 0.392080 0.826332 0.158629 0.062481
0 97 0.456613 0.188208 0.098709 0.060737
0 98 0.079137 0.459564 0.071425 0.159222
0 99 0.108552 0.451069 0.090334 0.093345
0 100 0.577219 0.736957 0.215670 0.060024
0 101 0.743848 0.617407 0.160250 0.067364
0 102 0.348180 0.790783 0.160108 0.066319
0 103 0.297451 0.433046 0.051268 0.171347
0 104 0.551804 0.670010 0.143888 0.190231
0 105 0.247065 0.290100 0.067077 0.168018
0 106 0.231402 0.712226 0.147034 0.058519