0 92 0.419657 0.575101 0.090164 0.122201
0 93 0.394667 0.777979 0.157971 0.142627
0 94 0.127723 0.519003 0.110782 0.186831
0 95 0.350532 0.363858 0.100530 0.143415
0 97 0.455749 0.193893 0.096695 0.061046
0 98 0.162027 0.594773 0.099313 0.105545
0 99 0.197316 0.529578 0.159720 0.110974
0 100 0.398989 0.775674 0.196917 0.082546
0 101 0.700450 0.617702 0.150766 0.064387
0 102 0.106881 0.620841 0.103478 0.214381
0 103 0.272788 0.409508 0.075434 0.135716
0 104 0.544826 0.679683 0.129587 0.163377
0 105 0.290106 0.184630 0.149674 0.046335
0 106 0.106239 0.531441 0.109798 0.139666