0 92 0.447493 0.625820 0.078929 0.125889
0 93 0.390846 0.794339 0.155074 0.140018
0 94 0.154945 0.475477 0.074104 0.183730
0 95 0.355300 0.376660 0.097684 0.122614
0 96 0.416091 0.817263 0.170546 0.091318
0 97 0.461942 0.193166 0.111733 0.064158
0 98 0.107799 0.538768 0.075279 0.104637
0 99 0.161496 0.519129 0.126981 0.130927
0 100 0.447726 0.766242 0.183091 0.065832
0 101 0.705315 0.617403 0.163073 0.061871
0 102 0.146382 0.691054 0.156941 0.163006
0 103 0.289161 0.420654 0.054889 0.155168
0 104 0.547352 0.677676 0.149045 0.152159
0 105 0.273212 0.208172 0.135084 0.077769
0 106 0.148991 0.581554 0.101295 0.127467