0 92 0.357952 0.503880 0.091553 0.098120
0 93 0.358187 0.735314 0.113866 0.157073
0 94 0.151519 0.504807 0.064638 0.112054
0 95 0.343472 0.365112 0.098442 0.138662
0 96 0.436372 0.831074 0.120538 0.064582
0 97 0.470794 0.194579 0.121512 0.056411
0 98 0.183159 0.617993 0.158651 0.109931
0 99 0.205337 0.564753 0.102387 0.151429
0 100 0.345106 0.796152 0.158989 0.059840
0 101 0.710792 0.634297 0.121268 0.108438
0 102 0.068728 0.532495 0.064945 0.158788
0 103 0.257945 0.361238 0.078738 0.126114
0 104 0.581149 0.671602 0.122391 0.184610
0 105 0.363746 0.157106 0.164107 0.048931
0 106 0.102252 0.391195 0.100982 0.140799