0 92 0.410037 0.570160 0.098452 0.109960
0 93 0.381060 0.769121 0.141524 0.163354
0 94 0.137979 0.482587 0.096390 0.104488
0 95 0.349627 0.366977 0.100359 0.133041
0 97 0.456296 0.194019 0.097239 0.058650
0 98 0.177112 0.599485 0.105276 0.115693
0 99 0.198563 0.547408 0.117080 0.115996
0 100 0.389717 0.777401 0.199488 0.071515
0 101 0.695063 0.621797 0.164143 0.051704
0 102 0.096934 0.621338 0.095694 0.191579
0 103 0.266389 0.403597 0.079923 0.130534
0 104 0.545147 0.684881 0.120523 0.170118
0 105 0.296354 0.180945 0.149145 0.048959
0 106 0.091010 0.504926 0.097407 0.149871