0 92 0.362850 0.536315 0.105237 0.093550
0 93 0.375322 0.750471 0.133492 0.152483
0 94 0.153009 0.512533 0.066630 0.127441
0 95 0.341582 0.366392 0.107142 0.130985
0 96 0.407182 0.809948 0.126129 0.098273
0 97 0.465064 0.194418 0.116257 0.055361
0 98 0.170796 0.598736 0.145795 0.103526
0 99 0.187041 0.553100 0.123017 0.160666
0 100 0.354903 0.793778 0.178241 0.062677
0 101 0.703856 0.622570 0.144357 0.074735
0 102 0.070722 0.565804 0.053001 0.167203
0 103 0.259014 0.382760 0.079205 0.111131
0 104 0.573223 0.676071 0.133650 0.173116
0 105 0.346432 0.166516 0.158085 0.049684
0 106 0.086248 0.418020 0.075524 0.135224