0 92 0.532269 0.709047 0.159792 0.057667
0 93 0.413806 0.801491 0.149804 0.113671
0 94 0.156601 0.345287 0.059097 0.136513
0 95 0.357601 0.376480 0.107305 0.137173
0 96 0.429069 0.827953 0.182512 0.071285
0 97 0.464066 0.197946 0.111986 0.057550
0 98 0.085099 0.497937 0.080637 0.129854
0 99 0.099518 0.448811 0.075279 0.061728
0 100 0.519238 0.754874 0.197149 0.063095
0 101 0.731934 0.613202 0.172502 0.059702
0 102 0.272909 0.779161 0.167073 0.082368
0 103 0.297892 0.430818 0.048655 0.174153
0 104 0.566621 0.668248 0.146793 0.121198
0 105 0.236860 0.249963 0.060960 0.135807
0 106 0.211377 0.666397 0.078344 0.158474