0 92 0.570008 0.710736 0.135503 0.070850
0 94 0.158752 0.340695 0.060274 0.135719
0 95 0.356919 0.379508 0.117329 0.125443
0 96 0.435063 0.823298 0.198599 0.076329
0 97 0.460830 0.194784 0.103417 0.061575
0 98 0.082788 0.461868 0.071227 0.112877
0 99 0.097260 0.456338 0.090334 0.081301
0 100 0.533007 0.732717 0.203250 0.087862
0 101 0.732084 0.612018 0.181472 0.060297
0 102 0.293692 0.788462 0.168266 0.064292
0 103 0.297767 0.437277 0.049995 0.161252
0 104 0.561728 0.661849 0.132490 0.153568
0 105 0.243961 0.256266 0.068283 0.158752
0 106 0.214173 0.670242 0.105948 0.159834