0 92 0.421956 0.575679 0.087485 0.122774
0 93 0.394478 0.781949 0.159326 0.148360
0 94 0.157257 0.451804 0.051637 0.068939
0 95 0.350515 0.363974 0.100414 0.144283
0 97 0.455626 0.193572 0.096829 0.061274
0 98 0.156615 0.576054 0.099598 0.150511
0 99 0.197459 0.528368 0.145882 0.111889
0 100 0.403525 0.777584 0.192553 0.078097
0 101 0.701501 0.618162 0.149392 0.063798
0 102 0.107591 0.633545 0.108852 0.202459
0 103 0.270037 0.406298 0.084105 0.146750
0 104 0.546077 0.679479 0.133401 0.162306
0 105 0.290832 0.185172 0.153585 0.046598
0 106 0.105334 0.534386 0.095943 0.141040