0 92 0.370213 0.541672 0.113744 0.102026
0 93 0.356218 0.752559 0.094851 0.155827
0 94 0.141056 0.500704 0.049321 0.115822
0 95 0.342904 0.367614 0.108795 0.130304
0 96 0.425359 0.819082 0.130509 0.087308
0 97 0.475472 0.195792 0.138905 0.054173
0 98 0.161852 0.591646 0.152134 0.113900
0 99 0.192897 0.554446 0.100022 0.156470
0 100 0.361494 0.785307 0.189794 0.061742
0 101 0.700846 0.618958 0.153181 0.059585
0 102 0.076343 0.568136 0.056754 0.211663
0 103 0.258265 0.387008 0.081315 0.120891
0 104 0.564339 0.679307 0.134462 0.173629
0 105 0.331000 0.168398 0.166366 0.038392
0 106 0.076776 0.428982 0.060645 0.163732