0 92 0.415924 0.574284 0.095161 0.116288
0 93 0.383061 0.769804 0.146554 0.157471
0 94 0.128537 0.493926 0.117642 0.124508
0 95 0.349974 0.363672 0.100708 0.142014
0 97 0.455002 0.194315 0.094159 0.060659
0 98 0.157071 0.596559 0.097179 0.112512
0 99 0.199275 0.536504 0.125689 0.116693
0 100 0.396145 0.776111 0.189760 0.070566
0 101 0.697739 0.621171 0.155421 0.057059
0 102 0.105983 0.642230 0.089199 0.165840
0 103 0.267528 0.407913 0.078334 0.136284
0 104 0.544718 0.680614 0.125317 0.163679
0 105 0.289906 0.183367 0.144169 0.049258
0 106 0.085153 0.500103 0.088808 0.109340