0 92 0.360193 0.507811 0.093210 0.103740
0 93 0.355382 0.735800 0.106172 0.155769
0 94 0.146580 0.504791 0.059886 0.111230
0 95 0.343631 0.368201 0.099195 0.134594
0 96 0.440316 0.832759 0.123318 0.060100
0 97 0.468481 0.193904 0.119892 0.057719
0 98 0.183342 0.617312 0.159686 0.110678
0 99 0.206671 0.564247 0.097806 0.149929
0 100 0.347861 0.795054 0.158623 0.061264
0 101 0.710357 0.631021 0.122141 0.101065
0 102 0.069014 0.539598 0.066610 0.159594
0 103 0.260607 0.362760 0.076146 0.127844
0 104 0.581002 0.671858 0.122992 0.183818
0 105 0.352078 0.151084 0.148299 0.054953
0 106 0.102822 0.393309 0.102158 0.143599