0 92 0.385268 0.545283 0.097894 0.113485
0 93 0.367886 0.769497 0.125715 0.173141
0 94 0.147671 0.497945 0.061676 0.130484
0 95 0.343674 0.367509 0.110566 0.130666
0 96 0.418930 0.823481 0.121315 0.074129
0 97 0.478460 0.195802 0.144903 0.053489
0 98 0.171408 0.589758 0.157346 0.124406
0 99 0.183074 0.550793 0.116033 0.139916
0 100 0.363225 0.778352 0.186310 0.059317
0 101 0.699509 0.618895 0.158689 0.055857
0 102 0.082092 0.591004 0.062671 0.189778
0 103 0.257790 0.394569 0.081833 0.117775
0 104 0.559147 0.680273 0.128814 0.172957
0 105 0.326859 0.166140 0.191207 0.054953
0 106 0.084016 0.452629 0.075894 0.176910