0 92 0.399904 0.554519 0.093815 0.119432
0 93 0.375790 0.765357 0.135501 0.181421
0 94 0.144889 0.485442 0.067956 0.107321
0 95 0.349182 0.367978 0.102482 0.130329
0 97 0.484326 0.195646 0.155438 0.057785
0 98 0.166767 0.594823 0.128978 0.125017
0 99 0.188676 0.550341 0.116890 0.130532
0 100 0.385687 0.780152 0.180148 0.059526
0 101 0.697418 0.621947 0.166120 0.049742
0 102 0.091247 0.603898 0.083800 0.201542
0 103 0.261726 0.403005 0.087026 0.120871
0 104 0.546604 0.684116 0.119481 0.175042
0 105 0.286266 0.177652 0.117213 0.048161
0 106 0.083665 0.479658 0.056439 0.168389