0 92 0.426554 0.602075 0.109052 0.117668
0 93 0.412296 0.812722 0.143054 0.096075
0 94 0.157702 0.483524 0.072090 0.124083
0 95 0.349093 0.364317 0.101126 0.144507
0 96 0.411924 0.814288 0.093345 0.079042
0 97 0.456108 0.194310 0.098587 0.063943
0 98 0.148780 0.573583 0.109246 0.152442
0 99 0.186954 0.504063 0.142145 0.096916
0 100 0.415971 0.780841 0.191740 0.079516
0 101 0.704460 0.619685 0.146104 0.061289
0 102 0.115284 0.651559 0.126554 0.184687
0 103 0.283078 0.417064 0.058477 0.144671
0 104 0.547521 0.678942 0.138116 0.156034
0 105 0.282712 0.192247 0.151486 0.049625
0 106 0.110015 0.557372 0.116367 0.127273