0 92 0.499212 0.669980 0.128071 0.093486
0 93 0.405525 0.801114 0.160343 0.109907
0 94 0.158438 0.385236 0.051880 0.132780
0 95 0.359570 0.369587 0.102457 0.140891
0 96 0.424256 0.830136 0.182965 0.069104
0 97 0.471810 0.193449 0.129642 0.063553
0 98 0.103635 0.522472 0.095046 0.132141
0 99 0.131142 0.487235 0.120964 0.121084
0 100 0.489906 0.766528 0.175847 0.069542
0 101 0.735391 0.608935 0.153342 0.079234
0 102 0.211932 0.750832 0.174824 0.106449
0 103 0.294841 0.433931 0.049773 0.157667
0 104 0.564053 0.667284 0.211808 0.089167
0 105 0.261243 0.229306 0.114710 0.111525
0 106 0.174992 0.648991 0.111053 0.117131