0 92 0.404064 0.566509 0.097947 0.111341
0 93 0.379178 0.774390 0.145288 0.152815
0 94 0.141643 0.479351 0.078460 0.092503
0 95 0.350605 0.369426 0.100342 0.128734
0 97 0.457783 0.193727 0.105334 0.058065
0 98 0.139816 0.579144 0.169081 0.154713
0 99 0.186138 0.549739 0.132447 0.139717
0 100 0.386460 0.778021 0.190511 0.062431
0 101 0.694783 0.621993 0.168085 0.050109
0 102 0.095235 0.614214 0.087453 0.192833
0 103 0.265387 0.403714 0.079494 0.123661
0 104 0.544529 0.682793 0.116995 0.168493
0 105 0.296595 0.178433 0.142131 0.048479
0 106 0.106219 0.510007 0.111264 0.220255