0 92 0.528983 0.710620 0.158836 0.053015
0 93 0.418699 0.799985 0.152063 0.121198
0 94 0.156377 0.348663 0.059516 0.141345
0 95 0.358761 0.377773 0.105800 0.133849
0 96 0.426532 0.822791 0.193609 0.075586
0 97 0.458638 0.198491 0.107302 0.053903
0 98 0.087500 0.488510 0.081387 0.124873
0 99 0.109644 0.482860 0.077108 0.120974
0 100 0.517052 0.753009 0.198384 0.072925
0 101 0.731559 0.613322 0.173732 0.060332
0 102 0.273564 0.777726 0.170658 0.087059
0 103 0.297579 0.435935 0.048684 0.163774
0 104 0.564740 0.665236 0.146040 0.113671
0 105 0.238296 0.240772 0.059109 0.147266
0 106 0.207425 0.664511 0.081388 0.163327