0 92 0.486738 0.646912 0.079081 0.115240
0 93 0.400256 0.771755 0.164860 0.121951
0 94 0.167985 0.447008 0.055434 0.187526
0 95 0.356634 0.371005 0.109042 0.132198
0 96 0.418201 0.824873 0.190211 0.077629
0 97 0.470778 0.194295 0.124076 0.063321
0 98 0.108376 0.526726 0.087095 0.139743
0 99 0.138645 0.488684 0.136410 0.097585
0 100 0.471216 0.767860 0.182402 0.060345
0 101 0.721393 0.611555 0.160461 0.066485
0 102 0.186243 0.730859 0.161119 0.114005
0 103 0.293006 0.424761 0.055937 0.164935
0 104 0.542718 0.669641 0.155418 0.108844
0 105 0.258216 0.216172 0.121596 0.089565
0 106 0.166355 0.623267 0.124092 0.100358