0 92 0.437011 0.607624 0.099144 0.134021
0 93 0.390846 0.783424 0.168624 0.124210
0 94 0.154888 0.478491 0.071949 0.166160
0 95 0.350538 0.368634 0.104700 0.139496
0 96 0.417489 0.814420 0.146792 0.094220
0 97 0.468232 0.193179 0.121064 0.066728
0 99 0.177701 0.515332 0.129843 0.099591
0 100 0.428862 0.760464 0.202499 0.061728
0 101 0.703587 0.620640 0.158169 0.059331
0 102 0.134514 0.683503 0.135062 0.168381
0 103 0.289072 0.418535 0.057395 0.146134
0 104 0.545873 0.677795 0.144663 0.150563
0 105 0.279121 0.205363 0.140779 0.067037
0 106 0.124692 0.563275 0.103083 0.149075