0 92 0.414174 0.571965 0.100439 0.112372
0 93 0.380307 0.773261 0.155074 0.152063
0 94 0.136285 0.511496 0.101786 0.156301
0 95 0.349248 0.365256 0.101267 0.138117
0 97 0.454971 0.194182 0.095272 0.059598
0 98 0.138007 0.579932 0.120061 0.148960
0 99 0.196470 0.541355 0.125277 0.129575
0 100 0.395779 0.775362 0.182149 0.071988
0 101 0.695320 0.621505 0.160748 0.054042
0 102 0.101904 0.623267 0.090232 0.193559
0 103 0.265276 0.406141 0.083785 0.136420
0 104 0.545137 0.685366 0.121965 0.171341
0 105 0.297431 0.181900 0.157153 0.049311
0 106 0.096066 0.496903 0.110452 0.119230