0 92 0.368788 0.541756 0.114572 0.100330
0 93 0.367510 0.772132 0.121951 0.157332
0 94 0.143626 0.510362 0.052932 0.130990
0 95 0.343159 0.367297 0.107629 0.130613
0 96 0.416280 0.808779 0.148034 0.108089
0 97 0.474889 0.195195 0.136022 0.056385
0 98 0.161675 0.593949 0.151026 0.107113
0 99 0.198588 0.558709 0.091310 0.146773
0 100 0.359764 0.793486 0.187271 0.065100
0 101 0.699723 0.619966 0.153883 0.062641
0 102 0.075078 0.566759 0.055851 0.204915
0 103 0.257772 0.385379 0.081309 0.119543
0 104 0.566341 0.678628 0.135373 0.173527
0 105 0.338151 0.167269 0.173141 0.049684
0 106 0.077293 0.425406 0.060893 0.162876