0 92 0.439733 0.608026 0.092666 0.134880
0 93 0.378425 0.786435 0.167871 0.136254
0 94 0.167273 0.479945 0.066071 0.171871
0 95 0.350689 0.371689 0.104430 0.133318
0 96 0.415002 0.803003 0.156161 0.116759
0 97 0.467861 0.192839 0.120475 0.066260
0 99 0.167364 0.513568 0.124605 0.108446
0 100 0.444629 0.769546 0.173705 0.065905
0 101 0.704193 0.620395 0.160173 0.059125
0 102 0.136141 0.685873 0.141880 0.167959
0 103 0.288853 0.420095 0.053164 0.144425
0 104 0.544996 0.677133 0.147921 0.150183
0 105 0.278716 0.206010 0.140368 0.069094
0 106 0.121792 0.568835 0.114879 0.152540