0 92 0.588611 0.716538 0.125398 0.038168
0 93 0.458220 0.820687 0.188949 0.078290
0 94 0.165153 0.321106 0.065187 0.139527
0 95 0.370156 0.374297 0.103697 0.129452
0 96 0.402456 0.820241 0.148416 0.059609
0 97 0.456827 0.189440 0.102379 0.061298
0 98 0.095192 0.461649 0.105912 0.154624
0 99 0.097636 0.440906 0.100120 0.076031
0 100 0.565812 0.736206 0.217804 0.063756
0 101 0.742198 0.615014 0.163843 0.068804
0 102 0.325104 0.789112 0.188314 0.064522
0 103 0.297247 0.439495 0.051934 0.159198
0 104 0.556835 0.662978 0.148299 0.172388
0 105 0.246547 0.284599 0.069213 0.166241
0 106 0.231255 0.684465 0.136841 0.104700