0 92 0.524004 0.707011 0.132661 0.052706
0 93 0.434508 0.806760 0.173141 0.104637
0 94 0.157693 0.349244 0.063131 0.141957
0 95 0.358540 0.372190 0.102883 0.143047
0 96 0.428125 0.824019 0.173860 0.070120
0 97 0.475936 0.194322 0.135744 0.060436
0 98 0.088521 0.493602 0.078881 0.113652
0 99 0.120220 0.461232 0.094098 0.073020
0 100 0.514129 0.757180 0.186359 0.071130
0 101 0.732507 0.613026 0.169428 0.064134
0 102 0.262522 0.775732 0.164075 0.093811
0 103 0.297099 0.434836 0.049604 0.159520
0 104 0.568127 0.669377 0.149804 0.106896
0 105 0.236305 0.235610 0.064722 0.142182
0 106 0.192814 0.660750 0.104336 0.153566