0 92 0.595404 0.715013 0.128372 0.045733
0 93 0.458597 0.814288 0.182174 0.085065
0 94 0.164850 0.321013 0.062296 0.135891
0 95 0.369157 0.374274 0.104490 0.128540
0 96 0.403108 0.821570 0.153133 0.053939
0 97 0.454332 0.189990 0.096140 0.060370
0 98 0.096051 0.462849 0.107980 0.149184
0 99 0.095754 0.443541 0.106896 0.070762
0 100 0.561953 0.734412 0.217309 0.069157
0 101 0.738585 0.614011 0.171601 0.068086
0 102 0.326690 0.789675 0.180071 0.062772
0 103 0.297324 0.441938 0.052008 0.154200
0 104 0.554953 0.661849 0.149051 0.168624
0 105 0.245620 0.281851 0.066695 0.165735
0 106 0.233356 0.678463 0.128327 0.116807