0 92 0.400099 0.553955 0.094533 0.120289
0 93 0.383624 0.751838 0.162290 0.123104
0 94 0.146974 0.486886 0.073081 0.106016
0 95 0.348625 0.367761 0.103400 0.130717
0 97 0.482895 0.196088 0.152603 0.054850
0 98 0.146007 0.583871 0.166347 0.138156
0 99 0.190965 0.550741 0.109837 0.134305
0 100 0.387298 0.782861 0.174297 0.060534
0 101 0.697731 0.621687 0.165607 0.050758
0 102 0.090381 0.599027 0.078483 0.203689
0 103 0.258754 0.400965 0.090662 0.122448
0 104 0.549362 0.683897 0.122239 0.174467
0 105 0.290904 0.175556 0.121888 0.046006
0 106 0.079749 0.468568 0.069163 0.169332