0 92 0.361477 0.523907 0.097666 0.100653
0 93 0.370950 0.755705 0.124418 0.140037
0 94 0.151664 0.509149 0.066945 0.118329
0 95 0.343073 0.368099 0.101557 0.130600
0 96 0.431034 0.825012 0.162032 0.073679
0 97 0.472145 0.194080 0.134302 0.056358
0 98 0.177952 0.608476 0.152620 0.102383
0 99 0.202189 0.556806 0.102116 0.157193
0 100 0.352630 0.792822 0.165462 0.064621
0 101 0.706090 0.626583 0.136707 0.087192
0 102 0.072872 0.544079 0.065930 0.182292
0 103 0.261706 0.363214 0.075316 0.128931
0 104 0.576935 0.675301 0.124268 0.175664
0 105 0.345679 0.163505 0.156579 0.054201
0 106 0.093864 0.411691 0.089209 0.139171