0 92 0.438548 0.608583 0.095021 0.128049
0 93 0.397245 0.792081 0.184432 0.120446
0 94 0.158449 0.481686 0.081017 0.169993
0 95 0.350911 0.367011 0.103772 0.143909
0 96 0.411879 0.812906 0.153132 0.096846
0 97 0.466444 0.193517 0.117067 0.066883
0 98 0.180618 0.512983 0.133022 0.099976
0 100 0.415373 0.766631 0.216765 0.079043
0 101 0.703805 0.620574 0.155130 0.059317
0 102 0.132478 0.679652 0.130153 0.168005
0 103 0.287754 0.417666 0.058595 0.148662
0 104 0.545086 0.678050 0.144102 0.152523
0 105 0.279639 0.202192 0.142196 0.062113
0 106 0.121203 0.574693 0.104045 0.168777