0 92 0.470495 0.636472 0.087682 0.126497
0 93 0.400632 0.795092 0.143029 0.121951
0 94 0.167389 0.432838 0.051430 0.144207
0 95 0.349091 0.370939 0.117023 0.131592
0 96 0.414384 0.830528 0.187094 0.064850
0 97 0.470778 0.194726 0.124419 0.065107
0 98 0.103912 0.525418 0.077723 0.143898
0 99 0.149497 0.503852 0.140189 0.102736
0 100 0.453038 0.768531 0.194199 0.063772
0 101 0.711282 0.609771 0.166889 0.069458
0 102 0.177590 0.709392 0.150837 0.141477
0 103 0.292655 0.422180 0.055827 0.163296
0 104 0.548606 0.667125 0.137052 0.142587
0 105 0.255172 0.212148 0.115465 0.085669
0 106 0.177858 0.614826 0.097762 0.107597