0 92 0.405581 0.567520 0.098909 0.110627
0 93 0.378049 0.770250 0.143029 0.158085
0 94 0.142352 0.487377 0.088374 0.110376
0 95 0.350791 0.370012 0.098728 0.127373
0 97 0.456582 0.193435 0.100755 0.057894
0 98 0.175770 0.605115 0.126027 0.108952
0 99 0.189466 0.546849 0.130252 0.136655
0 100 0.381060 0.776649 0.204758 0.063987
0 101 0.695340 0.622013 0.165768 0.050511
0 102 0.095906 0.616337 0.092748 0.195224
0 103 0.266292 0.403762 0.079463 0.124907
0 104 0.545082 0.682325 0.118784 0.166421
0 105 0.296241 0.180172 0.148455 0.049452
0 106 0.096833 0.494294 0.101525 0.149685