0 92 0.451443 0.636316 0.081061 0.119621
0 93 0.394610 0.793586 0.143029 0.115929
0 94 0.165514 0.441592 0.056713 0.139131
0 95 0.352323 0.371901 0.107336 0.128313
0 96 0.413768 0.821571 0.180606 0.085668
0 97 0.469135 0.193813 0.123548 0.065116
0 98 0.100271 0.522207 0.072267 0.080548
0 99 0.146728 0.516399 0.112167 0.120362
0 100 0.445551 0.766413 0.191726 0.065886
0 101 0.706442 0.614199 0.164201 0.062348
0 102 0.154030 0.689315 0.163412 0.165431
0 103 0.291555 0.421101 0.057542 0.156413
0 104 0.548468 0.676534 0.148140 0.151608
0 105 0.263451 0.208185 0.117916 0.079756
0 106 0.166853 0.600541 0.094177 0.101537