0 92 0.547916 0.710963 0.145059 0.055340
0 93 0.431497 0.795092 0.183680 0.129479
0 94 0.158251 0.343982 0.058318 0.138019
0 95 0.358031 0.381369 0.109165 0.126174
0 96 0.424156 0.822597 0.175777 0.074469
0 97 0.484232 0.195136 0.143542 0.059227
0 98 0.080609 0.469307 0.074468 0.110405
0 99 0.107799 0.449187 0.075279 0.066998
0 100 0.530712 0.748135 0.187869 0.062639
0 101 0.734418 0.612974 0.166543 0.058764
0 102 0.283461 0.782897 0.169593 0.075610
0 103 0.297777 0.435509 0.050723 0.166306
0 104 0.560599 0.664860 0.148299 0.121951
0 105 0.239753 0.252863 0.063470 0.147137
0 106 0.212547 0.671608 0.094648 0.159543