0 92 0.423082 0.593164 0.104989 0.120839
0 93 0.393482 0.786367 0.169378 0.128591
0 94 0.158018 0.470686 0.049902 0.110353
0 95 0.349232 0.363016 0.100903 0.144762
0 97 0.453801 0.193721 0.093876 0.063167
0 98 0.150625 0.570124 0.101038 0.136776
0 99 0.191168 0.514908 0.150938 0.090629
0 100 0.408686 0.773593 0.194389 0.067049
0 101 0.705757 0.620074 0.143286 0.060461
0 102 0.111190 0.658574 0.120334 0.168837
0 103 0.281986 0.413946 0.058681 0.142497
0 104 0.547132 0.675919 0.135237 0.153138
0 105 0.281303 0.188936 0.145835 0.046748
0 106 0.099945 0.519525 0.098716 0.111317