0 92 0.392422 0.547909 0.095476 0.114586
0 93 0.376895 0.770031 0.157283 0.169691
0 94 0.147514 0.505379 0.059305 0.143657
0 95 0.344173 0.366757 0.106896 0.137007
0 97 0.475033 0.196146 0.136556 0.052849
0 98 0.168180 0.587678 0.149329 0.121522
0 99 0.184394 0.548466 0.104789 0.140653
0 100 0.371350 0.785861 0.191041 0.058536
0 101 0.698865 0.619745 0.160129 0.053375
0 102 0.084039 0.592234 0.064927 0.194763
0 103 0.257947 0.394545 0.081689 0.117155
0 104 0.557410 0.681223 0.128598 0.172874
0 105 0.328365 0.166516 0.179163 0.057212
0 106 0.084716 0.447303 0.074407 0.132764