0 92 0.515056 0.697230 0.137007 0.057212
0 93 0.428485 0.808642 0.164107 0.102379
0 94 0.152413 0.349136 0.060219 0.137259
0 95 0.359356 0.372666 0.101113 0.141984
0 96 0.428728 0.825541 0.184700 0.076109
0 97 0.473865 0.194744 0.130824 0.058154
0 98 0.089417 0.498748 0.079949 0.101766
0 99 0.107374 0.480802 0.069111 0.117737
0 100 0.510221 0.761960 0.183319 0.060683
0 101 0.734180 0.612310 0.165513 0.068275
0 102 0.247874 0.766840 0.179255 0.107375
0 103 0.297113 0.433054 0.050296 0.160741
0 104 0.568105 0.664274 0.151354 0.088496
0 105 0.234263 0.235829 0.063360 0.138544
0 106 0.190646 0.659049 0.097790 0.147667