0 92 0.486906 0.651577 0.086043 0.113070
0 93 0.391975 0.785682 0.154321 0.134749
0 94 0.164394 0.418842 0.046399 0.140303
0 95 0.357809 0.371413 0.108388 0.133335
0 96 0.422678 0.825950 0.182603 0.076772
0 97 0.471201 0.194248 0.125371 0.063555
0 98 0.101091 0.520330 0.084545 0.149212
0 99 0.140805 0.490144 0.144471 0.098118
0 100 0.473928 0.767983 0.180389 0.060102
0 101 0.720876 0.610220 0.168107 0.071956
0 102 0.189577 0.732281 0.165802 0.114428
0 103 0.292740 0.426916 0.056207 0.161486
0 104 0.546329 0.667954 0.161005 0.102597
0 105 0.263754 0.219477 0.132586 0.091339
0 106 0.168015 0.635142 0.120265 0.083424