0 92 0.377647 0.543289 0.104872 0.105672
0 93 0.367133 0.765357 0.121198 0.169377
0 94 0.144700 0.496305 0.059839 0.115411
0 95 0.342782 0.367578 0.110438 0.130836
0 96 0.424112 0.818111 0.128316 0.080573
0 97 0.476824 0.195820 0.141537 0.054244
0 98 0.163795 0.592655 0.155934 0.114911
0 99 0.186340 0.550963 0.112346 0.163611
0 100 0.362742 0.788153 0.190660 0.059997
0 101 0.700005 0.619016 0.156015 0.058251
0 102 0.077201 0.574964 0.056636 0.209397
0 103 0.260105 0.392990 0.080674 0.112587
0 104 0.562483 0.679587 0.135977 0.173739
0 105 0.339280 0.166893 0.193466 0.048931
0 106 0.079061 0.433941 0.065188 0.163867