0 92 0.486159 0.644395 0.077088 0.117762
0 93 0.402138 0.785682 0.141524 0.116682
0 94 0.157736 0.422951 0.047995 0.134005
0 95 0.354008 0.370287 0.111954 0.133445
0 96 0.424494 0.827500 0.172686 0.072345
0 97 0.471072 0.194014 0.124365 0.065237
0 98 0.107481 0.521021 0.085607 0.126978
0 99 0.146318 0.488179 0.146689 0.097786
0 100 0.470172 0.767406 0.179868 0.060390
0 101 0.716001 0.611918 0.160803 0.068790
0 102 0.182297 0.726334 0.158030 0.119277
0 103 0.293182 0.425148 0.055903 0.164308
0 104 0.540710 0.671364 0.156628 0.113194
0 105 0.256175 0.214303 0.118341 0.088448
0 106 0.168836 0.631068 0.111368 0.069598