0 92 0.489383 0.654318 0.095588 0.115445
0 93 0.397245 0.792457 0.139265 0.134749
0 94 0.162357 0.416094 0.045957 0.154262
0 95 0.358436 0.371822 0.106416 0.134795
0 96 0.418255 0.825059 0.181556 0.071050
0 97 0.472278 0.193681 0.127898 0.064497
0 98 0.103057 0.536385 0.091389 0.131488
0 99 0.125774 0.485152 0.088157 0.097552
0 100 0.474787 0.767295 0.188459 0.059960
0 101 0.728406 0.609714 0.165800 0.075404
0 102 0.196629 0.736642 0.168997 0.116574
0 103 0.292734 0.428998 0.054933 0.164420
0 104 0.553155 0.658422 0.177741 0.078952
0 105 0.263963 0.223000 0.131593 0.093990
0 106 0.164636 0.639967 0.128245 0.102157