0 92 0.439903 0.608936 0.092317 0.123848
0 93 0.385953 0.789070 0.172388 0.132490
0 94 0.156948 0.478599 0.072769 0.152681
0 95 0.350175 0.364804 0.103415 0.145777
0 96 0.422096 0.812497 0.127239 0.095034
0 97 0.463155 0.193246 0.113034 0.065527
0 98 0.133770 0.585065 0.088076 0.161096
0 99 0.181836 0.510326 0.130538 0.102598
0 100 0.418323 0.766486 0.200994 0.061728
0 101 0.703422 0.620374 0.155165 0.060693
0 102 0.130488 0.669982 0.130302 0.179112
0 103 0.284646 0.415876 0.059248 0.146780
0 104 0.545728 0.679669 0.141469 0.153490
0 105 0.279916 0.199133 0.145037 0.056033
0 106 0.121157 0.573288 0.102692 0.163338