0 92 0.396311 0.549366 0.092754 0.116142
0 93 0.373630 0.773832 0.146237 0.162237
0 94 0.147770 0.491951 0.059204 0.111312
0 95 0.345957 0.367758 0.105478 0.130327
0 97 0.481427 0.196162 0.148468 0.053009
0 98 0.164291 0.581282 0.138890 0.132646
0 99 0.186502 0.552076 0.102917 0.133535
0 100 0.364499 0.786435 0.192713 0.070009
0 101 0.699027 0.620043 0.160256 0.053351
0 102 0.084434 0.596795 0.068098 0.196008
0 103 0.259161 0.399164 0.081646 0.115938
0 104 0.555277 0.682283 0.126427 0.173625
0 105 0.326107 0.168022 0.180668 0.039145
0 106 0.078231 0.466578 0.058601 0.163214