0 93 0.474029 0.829344 0.161849 0.062481
0 94 0.164629 0.320464 0.067431 0.145810
0 95 0.372776 0.375398 0.099714 0.133192
0 96 0.394249 0.823088 0.157302 0.055420
0 97 0.463722 0.187072 0.111093 0.061233
0 98 0.080737 0.459498 0.075429 0.164917
0 99 0.104035 0.443917 0.084312 0.088076
0 100 0.603341 0.737130 0.171724 0.059023
0 101 0.745146 0.618012 0.158752 0.066346
0 102 0.350582 0.786073 0.159659 0.058550
0 103 0.297053 0.426881 0.051848 0.183708
0 104 0.551104 0.670233 0.142645 0.191762
0 105 0.247025 0.298738 0.067688 0.170046
0 106 0.233598 0.709419 0.146759 0.052792