0 92 0.598706 0.713428 0.123274 0.053421
0 93 0.459726 0.816546 0.176905 0.077537
0 94 0.164680 0.318561 0.063386 0.131963
0 95 0.368319 0.374388 0.106361 0.127933
0 96 0.410986 0.818069 0.161467 0.059436
0 97 0.454876 0.190191 0.095468 0.059283
0 98 0.095295 0.463902 0.107599 0.146069
0 99 0.093496 0.448811 0.120446 0.069256
0 100 0.558307 0.733864 0.216883 0.072245
0 101 0.734583 0.614868 0.180789 0.071124
0 102 0.323364 0.789637 0.179060 0.059278
0 103 0.297553 0.438498 0.050783 0.162566
0 104 0.558341 0.662602 0.157332 0.173141
0 105 0.248570 0.283574 0.076784 0.164860
0 106 0.235067 0.682433 0.120978 0.109513