0 92 0.579448 0.714280 0.116623 0.063761
0 93 0.437142 0.799232 0.194971 0.115176
0 94 0.159206 0.337987 0.061763 0.134735
0 95 0.357506 0.379850 0.117135 0.123680
0 96 0.431332 0.821429 0.196052 0.072287
0 97 0.460090 0.194311 0.098235 0.066431
0 98 0.086774 0.463268 0.081619 0.118774
0 99 0.100271 0.456338 0.100873 0.078290
0 100 0.535648 0.737585 0.208482 0.075775
0 101 0.732213 0.611563 0.183805 0.061428
0 102 0.296107 0.789232 0.168769 0.062606
0 103 0.297840 0.435306 0.049528 0.164659
0 104 0.564363 0.668624 0.152815 0.155074
0 105 0.243864 0.259826 0.070028 0.159496
0 106 0.214737 0.673649 0.110464 0.152819