0 92 0.452662 0.636069 0.084315 0.121670
0 93 0.403643 0.804125 0.153568 0.124962
0 94 0.166721 0.433181 0.053105 0.117792
0 95 0.350629 0.370893 0.113431 0.129629
0 96 0.414589 0.824436 0.181548 0.080046
0 97 0.469230 0.194601 0.123126 0.064845
0 98 0.093120 0.522207 0.065492 0.095604
0 99 0.143638 0.510168 0.122178 0.109091
0 100 0.436604 0.766398 0.218553 0.066660
0 101 0.707306 0.613297 0.163555 0.063248
0 102 0.156112 0.690776 0.165784 0.167043
0 103 0.292248 0.423849 0.055888 0.159238
0 104 0.547208 0.675392 0.144517 0.150608
0 105 0.262374 0.208253 0.116435 0.080386
0 106 0.170004 0.605153 0.095404 0.096830