0 92 0.417252 0.573814 0.094102 0.119174
0 93 0.391223 0.775519 0.148299 0.153568
0 94 0.148151 0.483888 0.078062 0.112007
0 95 0.349822 0.363940 0.101710 0.141948
0 97 0.455753 0.193743 0.095252 0.061397
0 98 0.163307 0.596501 0.089224 0.118650
0 99 0.192961 0.533332 0.149674 0.124022
0 100 0.396495 0.776149 0.193594 0.079308
0 101 0.697611 0.618231 0.154813 0.063040
0 102 0.107032 0.598869 0.091543 0.255000
0 103 0.272100 0.408757 0.071956 0.134232
0 104 0.545374 0.680027 0.127797 0.162341
0 105 0.291141 0.184244 0.149384 0.047458
0 106 0.088083 0.510564 0.087036 0.117484