0 92 0.517314 0.682174 0.118940 0.067751
0 93 0.416817 0.806007 0.146793 0.109154
0 94 0.151748 0.370732 0.050546 0.130133
0 95 0.359760 0.369885 0.102976 0.149102
0 96 0.425051 0.827686 0.182833 0.074223
0 97 0.471651 0.195784 0.130121 0.059589
0 98 0.089537 0.505688 0.080818 0.106953
0 99 0.121292 0.474060 0.093766 0.099769
0 100 0.504746 0.760772 0.172788 0.070402
0 101 0.737030 0.611742 0.155254 0.071829
0 102 0.229694 0.760354 0.191006 0.104696
0 103 0.295965 0.437953 0.050175 0.153479
0 104 0.581621 0.666839 0.210210 0.088986
0 105 0.238425 0.235564 0.071625 0.135487
0 106 0.189207 0.657505 0.094308 0.142792