0 92 0.448248 0.622308 0.076541 0.124147
0 93 0.390093 0.792833 0.171635 0.135501
0 94 0.153496 0.475211 0.075577 0.179943
0 95 0.353424 0.375128 0.099949 0.125367
0 96 0.418811 0.815967 0.161197 0.093349
0 97 0.462466 0.193133 0.111418 0.064617
0 99 0.163539 0.517766 0.112655 0.122442
0 100 0.444004 0.767052 0.184260 0.065875
0 101 0.704765 0.618137 0.162233 0.060633
0 102 0.141414 0.688345 0.153660 0.167005
0 103 0.289283 0.421603 0.052981 0.152597
0 104 0.547515 0.676613 0.149113 0.149726
0 105 0.271449 0.207458 0.130048 0.074948
0 106 0.130374 0.565953 0.118184 0.163743