0 92 0.348755 0.501319 0.095246 0.086944
0 93 0.355452 0.741694 0.115300 0.162411
0 94 0.152733 0.506590 0.063424 0.102426
0 95 0.344204 0.365686 0.095216 0.136832
0 96 0.423943 0.832756 0.136982 0.062876
0 97 0.485489 0.192987 0.151965 0.058314
0 98 0.183971 0.620704 0.164297 0.116876
0 99 0.213202 0.569051 0.088308 0.146548
0 100 0.339298 0.797276 0.159580 0.057317
0 101 0.712950 0.637859 0.114836 0.120778
0 102 0.066052 0.527361 0.063928 0.144189
0 103 0.253672 0.358072 0.080091 0.134035
0 104 0.581054 0.671536 0.120464 0.184522
0 105 0.362240 0.157859 0.147546 0.050437
0 106 0.100863 0.388012 0.099093 0.139054