0 92 0.397433 0.551079 0.092930 0.118369
0 93 0.380480 0.755663 0.168252 0.114525
0 94 0.148015 0.494862 0.063356 0.101043
0 95 0.346905 0.367619 0.104992 0.130826
0 96 0.392605 0.802727 0.136389 0.103014
0 97 0.484365 0.195951 0.151637 0.054446
0 98 0.173067 0.583480 0.120895 0.120604
0 99 0.182255 0.546699 0.116578 0.142855
0 100 0.374609 0.783875 0.187688 0.058371
0 101 0.699133 0.620847 0.161829 0.052242
0 102 0.087421 0.600653 0.067851 0.190227
0 103 0.262214 0.402370 0.079248 0.116763
0 104 0.554038 0.683515 0.126411 0.174859
0 105 0.323472 0.172162 0.173893 0.059470
0 106 0.078003 0.471269 0.061790 0.172472