0 92 0.423369 0.597210 0.106367 0.115750
0 93 0.391164 0.789005 0.172506 0.138642
0 94 0.154057 0.478229 0.065243 0.120149
0 95 0.348525 0.362954 0.101305 0.145061
0 96 0.421334 0.817675 0.097109 0.076784
0 97 0.455177 0.194184 0.096264 0.062776
0 98 0.160060 0.575336 0.109269 0.142914
0 99 0.184884 0.505366 0.153610 0.087619
0 100 0.414829 0.774618 0.184913 0.067819
0 101 0.705556 0.619565 0.143202 0.061437
0 102 0.112372 0.657317 0.125075 0.173111
0 103 0.281054 0.416382 0.059574 0.144881
0 104 0.547531 0.678804 0.136711 0.156868
0 105 0.281692 0.190925 0.150174 0.049007
0 106 0.100697 0.520409 0.091187 0.079964