0 92 0.540337 0.704338 0.152690 0.059557
0 93 0.432626 0.800361 0.178410 0.112918
0 94 0.157760 0.344870 0.058924 0.137931
0 95 0.355296 0.379331 0.114182 0.133145
0 96 0.416744 0.831034 0.166513 0.075662
0 97 0.482170 0.196072 0.141254 0.056432
0 98 0.085935 0.476589 0.082872 0.111561
0 99 0.109304 0.442412 0.082806 0.045920
0 100 0.527460 0.755075 0.188064 0.053841
0 101 0.735191 0.612721 0.165781 0.058548
0 102 0.281345 0.783740 0.167643 0.075482
0 103 0.297957 0.434166 0.049240 0.168530
0 104 0.566998 0.665613 0.149051 0.126468
0 105 0.238371 0.254240 0.062740 0.139339
0 106 0.211619 0.669163 0.088508 0.156344