0 92 0.362569 0.510363 0.092537 0.105749
0 93 0.365224 0.742859 0.120142 0.157756
0 94 0.146665 0.506217 0.051394 0.107002
0 95 0.343473 0.368556 0.099579 0.131735
0 96 0.439621 0.831674 0.135250 0.062345
0 97 0.472678 0.193593 0.129470 0.057686
0 98 0.172162 0.613294 0.146793 0.100120
0 99 0.206429 0.562116 0.096995 0.153766
0 100 0.349470 0.794234 0.160267 0.059221
0 101 0.709324 0.628172 0.127185 0.093950
0 102 0.068192 0.543875 0.063582 0.158535
0 103 0.261841 0.362672 0.073508 0.127199
0 104 0.580444 0.672935 0.123573 0.181203
0 105 0.344550 0.155224 0.146793 0.049684
0 106 0.099615 0.400567 0.099822 0.142111