0 92 0.343550 0.501548 0.101111 0.089954
0 93 0.353008 0.739576 0.116086 0.156463
0 94 0.151025 0.514405 0.067762 0.090198
0 95 0.344249 0.366583 0.095232 0.134940
0 96 0.453077 0.835475 0.116946 0.057959
0 97 0.483599 0.190675 0.154204 0.063305
0 98 0.182793 0.627331 0.162275 0.131393
0 99 0.212645 0.571051 0.087477 0.144502
0 100 0.333866 0.796915 0.166712 0.058208
0 101 0.712902 0.639858 0.113076 0.126282
0 102 0.066284 0.518126 0.064356 0.149158
0 103 0.253023 0.357980 0.075907 0.131842
0 104 0.579833 0.671363 0.117927 0.184083
0 105 0.363369 0.151460 0.148299 0.048178
0 106 0.099039 0.387649 0.092702 0.129017