0 92 0.428910 0.604294 0.104288 0.114982
0 93 0.393416 0.788999 0.179787 0.142888
0 94 0.153537 0.472863 0.063597 0.124889
0 95 0.349742 0.364023 0.100421 0.146180
0 96 0.423592 0.814288 0.113671 0.080548
0 97 0.458216 0.193809 0.103135 0.065210
0 98 0.151523 0.575175 0.106770 0.161303
0 99 0.181366 0.504562 0.130214 0.101288
0 100 0.409861 0.777514 0.209912 0.089080
0 101 0.703079 0.619798 0.151534 0.060324
0 102 0.116621 0.657411 0.133256 0.186996
0 103 0.284274 0.416585 0.055852 0.142046
0 104 0.547058 0.679208 0.138303 0.154253
0 105 0.279640 0.195526 0.149418 0.055168
0 106 0.110149 0.569093 0.127118 0.145288