0 92 0.487716 0.652390 0.091105 0.113989
0 93 0.401385 0.789070 0.150557 0.129479
0 94 0.171747 0.425578 0.051113 0.155282
0 95 0.358212 0.371642 0.107722 0.135168
0 96 0.421396 0.824039 0.184308 0.073091
0 97 0.471753 0.194134 0.126065 0.064198
0 98 0.098617 0.513613 0.080510 0.152487
0 99 0.150318 0.491629 0.133269 0.101055
0 100 0.473703 0.767796 0.186364 0.058223
0 101 0.724748 0.608207 0.167863 0.072296
0 102 0.192921 0.731662 0.168319 0.122375
0 103 0.292606 0.426737 0.055255 0.163113
0 104 0.550241 0.666284 0.170655 0.097883
0 105 0.265563 0.222529 0.135924 0.093851
0 106 0.166770 0.640595 0.126188 0.088137