0 92 0.493471 0.661128 0.108193 0.105356
0 93 0.405149 0.795092 0.170129 0.121951
0 94 0.157610 0.394927 0.045574 0.128766
0 95 0.360363 0.373404 0.102887 0.133212
0 96 0.414182 0.832355 0.197230 0.073020
0 97 0.471416 0.192903 0.130473 0.065078
0 98 0.103203 0.522647 0.097214 0.120846
0 99 0.129168 0.484920 0.109894 0.111027
0 100 0.477040 0.761593 0.210027 0.068503
0 101 0.728254 0.607676 0.164369 0.083709
0 102 0.204532 0.742512 0.167645 0.113331
0 103 0.294023 0.431950 0.052294 0.160068
0 104 0.550319 0.663140 0.199639 0.088023
0 105 0.267374 0.228172 0.125264 0.103436
0 106 0.166273 0.645143 0.120696 0.097647