0 92 0.449123 0.631552 0.078856 0.123522
0 93 0.393481 0.799232 0.145288 0.121198
0 94 0.160805 0.476584 0.064013 0.189228
0 95 0.356973 0.375222 0.096331 0.123370
0 96 0.414701 0.819742 0.177611 0.088144
0 97 0.468528 0.193514 0.121192 0.066050
0 98 0.103282 0.529735 0.075279 0.106143
0 99 0.150680 0.514360 0.101448 0.119004
0 100 0.453083 0.765455 0.176930 0.065361
0 101 0.705183 0.615745 0.164103 0.061174
0 102 0.150391 0.689395 0.156576 0.164758
0 103 0.290685 0.420238 0.056056 0.156054
0 104 0.547954 0.676228 0.149980 0.149151
0 105 0.271336 0.207472 0.131687 0.078161
0 106 0.163664 0.594983 0.080983 0.114159