0 92 0.599045 0.717905 0.125607 0.038445
0 93 0.448058 0.819557 0.183680 0.079042
0 94 0.163999 0.326834 0.061108 0.138867
0 95 0.361427 0.374954 0.115601 0.125771
0 96 0.410736 0.819752 0.167988 0.066609
0 97 0.456416 0.190179 0.094943 0.059566
0 98 0.093533 0.464396 0.101106 0.139414
0 99 0.096131 0.443917 0.101626 0.062481
0 100 0.552732 0.734184 0.217563 0.074037
0 101 0.744701 0.612748 0.164449 0.069131
0 102 0.311111 0.789614 0.181519 0.057371
0 103 0.298654 0.436905 0.050871 0.163859
0 104 0.556459 0.665989 0.146040 0.166366
0 105 0.247441 0.279810 0.076031 0.166366
0 106 0.234990 0.685345 0.114569 0.103844