0 92 0.580924 0.727718 0.146793 0.029359
0 93 0.463866 0.819934 0.171635 0.076784
0 94 0.164601 0.321381 0.065116 0.142071
0 95 0.369587 0.374138 0.105728 0.131054
0 96 0.393198 0.822002 0.160909 0.059098
0 97 0.458014 0.189289 0.103745 0.061536
0 98 0.094885 0.461796 0.104320 0.156615
0 99 0.094249 0.441659 0.100873 0.065492
0 100 0.571122 0.736475 0.218557 0.061795
0 101 0.743362 0.615264 0.161081 0.066360
0 102 0.345948 0.789013 0.156797 0.064831
0 103 0.297334 0.434792 0.052139 0.167128
0 104 0.552695 0.664107 0.149051 0.177657
0 105 0.247237 0.287653 0.068050 0.168007
0 106 0.231833 0.688388 0.139668 0.092224