0 92 0.366148 0.541248 0.111899 0.101024
0 93 0.355465 0.765733 0.108401 0.150557
0 94 0.138741 0.496721 0.052771 0.114187
0 95 0.341991 0.367024 0.109383 0.130401
0 96 0.423446 0.810863 0.129609 0.102950
0 97 0.468703 0.195107 0.124254 0.055526
0 98 0.164122 0.592258 0.148486 0.105406
0 99 0.199232 0.559263 0.091333 0.146049
0 100 0.358028 0.797186 0.184986 0.066723
0 101 0.701446 0.619465 0.149816 0.064301
0 102 0.073896 0.561174 0.055093 0.206816
0 103 0.257957 0.385181 0.079995 0.117966
0 104 0.567470 0.677313 0.136560 0.172724
0 105 0.336269 0.167269 0.163354 0.048178
0 106 0.077785 0.423616 0.057777 0.157038