0 92 0.554116 0.705745 0.160928 0.083276
0 94 0.157350 0.342324 0.061804 0.138382
0 95 0.357476 0.380524 0.111739 0.126134
0 96 0.433066 0.822846 0.197757 0.076913
0 97 0.483359 0.194008 0.142766 0.059002
0 98 0.080802 0.466195 0.069527 0.113806
0 99 0.101024 0.465748 0.085818 0.088076
0 100 0.531016 0.752702 0.187894 0.044130
0 101 0.729478 0.612089 0.182791 0.059233
0 102 0.291491 0.788817 0.170827 0.064951
0 103 0.298036 0.436592 0.050784 0.163676
0 104 0.561352 0.662602 0.151310 0.137007
0 105 0.241942 0.253840 0.063957 0.153065
0 106 0.213028 0.670986 0.102460 0.160754