0 92 0.593725 0.716161 0.139260 0.055483
0 93 0.452198 0.814664 0.185938 0.084312
0 94 0.163229 0.329773 0.062459 0.139871
0 95 0.360192 0.375945 0.116609 0.124644
0 96 0.411447 0.825236 0.150006 0.058651
0 97 0.457268 0.191636 0.095606 0.061591
0 98 0.098013 0.448058 0.103884 0.085818
0 99 0.095099 0.463724 0.100224 0.133499
0 100 0.547967 0.738589 0.219608 0.067956
0 101 0.747107 0.611531 0.159924 0.066365
0 102 0.309220 0.790227 0.177249 0.058482
0 103 0.298424 0.437158 0.050176 0.162575
0 104 0.572644 0.662978 0.190455 0.161849
0 105 0.244457 0.268732 0.066641 0.160941
0 106 0.230538 0.677613 0.111414 0.126656