0 92 0.360120 0.527374 0.100296 0.095268
0 93 0.373005 0.745415 0.124696 0.165287
0 94 0.148310 0.513106 0.077936 0.120944
0 95 0.342228 0.367596 0.103403 0.129310
0 96 0.429463 0.818351 0.159098 0.084888
0 97 0.463140 0.192976 0.117235 0.058086
0 98 0.173660 0.604572 0.151792 0.106538
0 99 0.204918 0.558649 0.095635 0.152238
0 100 0.354378 0.794532 0.167852 0.064523
0 101 0.704675 0.626191 0.141075 0.085588
0 102 0.076997 0.547448 0.072475 0.182491
0 103 0.260379 0.370035 0.076458 0.121973
0 104 0.575785 0.675461 0.131864 0.176721
0 105 0.348314 0.167269 0.157332 0.060223
0 106 0.092305 0.411773 0.083427 0.141796