0 92 0.563121 0.673005 0.153750 0.162474
0 93 0.437142 0.805254 0.190455 0.103132
0 94 0.160931 0.334896 0.061183 0.136786
0 95 0.358440 0.378708 0.118013 0.123450
0 96 0.417795 0.816946 0.158387 0.066198
0 97 0.460206 0.193442 0.096470 0.066188
0 98 0.090538 0.463050 0.090711 0.121683
0 99 0.100271 0.452198 0.087323 0.082054
0 100 0.538799 0.738391 0.212991 0.072343
0 101 0.731330 0.610948 0.187724 0.063960
0 102 0.301082 0.791005 0.165707 0.061216
0 103 0.298116 0.435611 0.049668 0.165082
0 105 0.244397 0.262241 0.069374 0.160291
0 106 0.218571 0.670651 0.112200 0.152574