0 92 0.693089 0.728094 0.167871 0.072267
0 93 0.485697 0.820310 0.192713 0.074526
0 94 0.185214 0.277768 0.102659 0.120883
0 95 0.380842 0.379094 0.101422 0.125407
0 96 0.433793 0.815008 0.073225 0.087288
0 97 0.458159 0.186706 0.111109 0.060592
0 98 0.069621 0.420054 0.044738 0.200542
0 99 0.101400 0.443917 0.041403 0.172388
0 100 0.621269 0.732987 0.165471 0.089581
0 101 0.749908 0.603724 0.154136 0.065737
0 102 0.414413 0.751096 0.138675 0.117178
0 103 0.293480 0.455365 0.083483 0.160054
0 104 0.535279 0.672640 0.115524 0.201246
0 105 0.279097 0.387705 0.073763 0.103255
0 106 0.314649 0.680629 0.119676 0.130959