0 92 0.702551 0.606000 0.097808 0.105581
0 93 0.543695 0.803105 0.229354 0.069294
0 94 0.249943 0.238524 0.130602 0.071977
0 95 0.392864 0.399285 0.116353 0.123519
0 96 0.412473 0.841917 0.092431 0.045845
0 97 0.452933 0.185307 0.096268 0.049713
0 98 0.107244 0.335616 0.061754 0.191105
0 99 0.153733 0.552908 0.113667 0.122418
0 100 0.719151 0.625225 0.090515 0.159066
0 101 0.780101 0.601739 0.105808 0.073073
0 102 0.508585 0.635822 0.068278 0.185250
0 103 0.292059 0.521901 0.079823 0.142736
0 104 0.530100 0.675418 0.100976 0.199061
0 105 0.310320 0.459359 0.125911 0.055736
0 106 0.405837 0.488707 0.098319 0.131672