0 92 0.713876 0.693166 0.123736 0.106507
0 93 0.512952 0.817520 0.226708 0.067288
0 94 0.204732 0.265043 0.124024 0.110665
0 95 0.377680 0.388769 0.108829 0.128595
0 96 0.436348 0.832914 0.080880 0.055703
0 97 0.456625 0.185583 0.094106 0.057727
0 98 0.080469 0.378780 0.054255 0.186556
0 99 0.111071 0.482579 0.075432 0.173647
0 100 0.683376 0.690914 0.148594 0.119780
0 101 0.783053 0.578573 0.112492 0.104307
0 102 0.457513 0.707925 0.119557 0.130429
0 103 0.281963 0.505035 0.051966 0.122111
0 104 0.524856 0.670026 0.112341 0.206766
0 105 0.298893 0.407306 0.048968 0.129843
0 106 0.359831 0.620138 0.089509 0.167293