0 92 0.680668 0.729600 0.133996 0.054201
0 93 0.472523 0.812406 0.200994 0.084312
0 94 0.172553 0.287852 0.082224 0.125456
0 95 0.369693 0.374421 0.102260 0.146776
0 96 0.400285 0.823993 0.124593 0.071547
0 97 0.459972 0.187420 0.111161 0.065121
0 98 0.075132 0.437422 0.064828 0.187742
0 99 0.102153 0.439777 0.062481 0.132490
0 100 0.599744 0.731105 0.185938 0.066245
0 101 0.745378 0.609073 0.175932 0.050957
0 102 0.378614 0.769978 0.161982 0.109719
0 103 0.289950 0.451536 0.071001 0.132772
0 104 0.542173 0.668945 0.124125 0.188543
0 105 0.271462 0.339647 0.068747 0.137135
0 106 0.281750 0.701225 0.138578 0.090362