0 92 0.652290 0.562994 0.062499 0.138454
0 93 0.568322 0.783809 0.222462 0.058700
0 94 0.281508 0.223960 0.117352 0.062538
0 95 0.383344 0.402250 0.106150 0.134770
0 96 0.401554 0.820349 0.064921 0.073436
0 97 0.419162 0.228170 0.094271 0.155222
0 98 0.125648 0.318388 0.085541 0.161245
0 99 0.185285 0.583418 0.111157 0.126628
0 100 0.735131 0.584125 0.064965 0.146923
0 101 0.794821 0.596112 0.064452 0.090557
0 102 0.530192 0.571137 0.057574 0.167060
0 103 0.308090 0.561365 0.129538 0.122914
0 104 0.537574 0.667948 0.113304 0.212779
0 105 0.346827 0.436749 0.097832 0.125178
0 106 0.469308 0.413468 0.066544 0.125187