0 92 0.725083 0.636254 0.129479 0.117435
0 93 0.536574 0.807918 0.239201 0.060792
0 94 0.248247 0.242614 0.125345 0.073696
0 95 0.382572 0.391935 0.108687 0.125912
0 96 0.419379 0.840586 0.103797 0.042614
0 97 0.453750 0.182436 0.088674 0.057363
0 98 0.102804 0.341332 0.058388 0.193243
0 99 0.152151 0.546787 0.098567 0.114764
0 100 0.725836 0.644911 0.060223 0.178410
0 101 0.767992 0.579419 0.117435 0.080548
0 102 0.509266 0.665857 0.056120 0.203075
0 103 0.285627 0.520892 0.055622 0.149743
0 104 0.550657 0.665236 0.115176 0.197983
0 105 0.316903 0.448092 0.095205 0.075304
0 106 0.408309 0.521473 0.076499 0.146243