0 92 0.703252 0.728470 0.180668 0.073020
0 93 0.496158 0.813998 0.189951 0.085271
0 94 0.185015 0.277965 0.101597 0.120497
0 95 0.382433 0.381160 0.095117 0.122302
0 96 0.438648 0.818052 0.063987 0.080548
0 97 0.459249 0.186422 0.113612 0.062921
0 98 0.072460 0.421488 0.051105 0.199180
0 99 0.108552 0.441659 0.054201 0.160343
0 100 0.627069 0.731105 0.156884 0.084312
0 101 0.748297 0.607634 0.159871 0.067637
0 102 0.413048 0.753072 0.136420 0.118469
0 103 0.293111 0.450852 0.083507 0.164206
0 104 0.536273 0.669003 0.114483 0.193094
0 105 0.280067 0.384072 0.074060 0.106469
0 106 0.312989 0.689497 0.121156 0.142156