0 92 0.713407 0.701899 0.147298 0.086155
0 93 0.506781 0.820215 0.216519 0.065673
0 94 0.198155 0.269331 0.127192 0.117654
0 95 0.378262 0.389550 0.106809 0.121331
0 96 0.444123 0.834656 0.085457 0.053353
0 97 0.457606 0.190531 0.093991 0.055638
0 98 0.081506 0.407016 0.055815 0.225113
0 99 0.101187 0.471927 0.062796 0.177772
0 100 0.677356 0.694504 0.141083 0.101438
0 101 0.763798 0.587595 0.133243 0.089328
0 102 0.445486 0.712463 0.129445 0.103714
0 103 0.280820 0.492577 0.052270 0.129088
0 104 0.529293 0.669398 0.116241 0.198204
0 105 0.294286 0.400830 0.086762 0.117765
0 106 0.362778 0.642109 0.076814 0.159447