0 92 0.719581 0.685221 0.102745 0.105464
0 93 0.514539 0.816025 0.227339 0.070901
0 94 0.205399 0.264330 0.124373 0.111681
0 95 0.378307 0.391522 0.109590 0.123080
0 96 0.436800 0.831173 0.074210 0.063045
0 97 0.456602 0.185527 0.093866 0.059387
0 98 0.081625 0.378283 0.054946 0.188303
0 99 0.113737 0.488107 0.076283 0.167860
0 100 0.681308 0.688367 0.143830 0.123603
0 101 0.785012 0.579380 0.107620 0.113789
0 102 0.461477 0.703644 0.114204 0.134040
0 103 0.281843 0.505677 0.052560 0.124590
0 104 0.523255 0.670913 0.108415 0.199424
0 105 0.302089 0.410445 0.046425 0.132584
0 106 0.359985 0.614412 0.090448 0.161448