0 92 0.723812 0.662610 0.087528 0.130052
0 93 0.532307 0.811456 0.230236 0.057838
0 94 0.245374 0.245014 0.113544 0.071252
0 95 0.384213 0.389200 0.102995 0.127476
0 96 0.413630 0.831734 0.070168 0.059708
0 97 0.450730 0.185364 0.091409 0.065785
0 98 0.094558 0.360936 0.054729 0.206477
0 99 0.142590 0.527587 0.088263 0.134205
0 100 0.719519 0.663632 0.085176 0.145532
0 101 0.758165 0.591107 0.120057 0.092721
0 102 0.500051 0.678235 0.062682 0.188642
0 103 0.282041 0.511083 0.050236 0.144939
0 104 0.532066 0.668794 0.090037 0.208078
0 105 0.314631 0.438066 0.054404 0.101033
0 106 0.387685 0.551014 0.082850 0.151837