0 92 0.734278 0.679453 0.072549 0.139548
0 93 0.519166 0.812258 0.231248 0.067355
0 94 0.208991 0.263768 0.137936 0.110775
0 95 0.379297 0.390781 0.111241 0.120971
0 96 0.445923 0.823483 0.094087 0.072348
0 97 0.453055 0.184597 0.089654 0.061129
0 98 0.085809 0.378345 0.057317 0.203175
0 99 0.113831 0.510157 0.086774 0.136676
0 100 0.689180 0.668242 0.122863 0.122545
0 101 0.771562 0.576171 0.100211 0.103923
0 102 0.471899 0.690826 0.085085 0.148696
0 103 0.282443 0.499859 0.054921 0.151651
0 104 0.524322 0.668596 0.104993 0.195553
0 105 0.303494 0.417406 0.053544 0.135597
0 106 0.364658 0.595803 0.096613 0.156455