0 92 0.664103 0.575225 0.068753 0.125533
0 93 0.564035 0.789635 0.216711 0.058265
0 94 0.269622 0.233807 0.133472 0.067985
0 95 0.393781 0.399632 0.105239 0.145327
0 96 0.400642 0.826054 0.071334 0.048185
0 97 0.435090 0.180680 0.064412 0.054420
0 98 0.122757 0.314506 0.072083 0.157099
0 99 0.176522 0.574072 0.120262 0.137270
0 100 0.733825 0.600417 0.061843 0.151056
0 101 0.789987 0.602193 0.076614 0.081064
0 102 0.522568 0.593549 0.051982 0.181062
0 103 0.298361 0.552189 0.123169 0.129063
0 104 0.537690 0.667508 0.112772 0.212677
0 105 0.329412 0.441702 0.121884 0.105783
0 106 0.440040 0.435283 0.091489 0.126829