0 92 0.723041 0.690843 0.157577 0.111498
0 93 0.507863 0.821348 0.224069 0.062658
0 94 0.201074 0.265102 0.124519 0.110258
0 95 0.376040 0.390312 0.110433 0.122910
0 96 0.447233 0.834523 0.097418 0.056050
0 97 0.456087 0.188270 0.090535 0.056430
0 98 0.079298 0.407821 0.056372 0.233302
0 99 0.097752 0.472551 0.083204 0.180279
0 100 0.679939 0.694156 0.143846 0.107318
0 101 0.767067 0.583776 0.135347 0.098793
0 102 0.446007 0.712634 0.135593 0.114526
0 103 0.288879 0.482339 0.070080 0.145230
0 104 0.528168 0.671610 0.111548 0.200474
0 105 0.289985 0.403044 0.072978 0.132901
0 106 0.363583 0.632825 0.077902 0.155988