0 92 0.714410 0.681120 0.125388 0.110659
0 93 0.514399 0.814178 0.228877 0.072308
0 94 0.206622 0.263635 0.126843 0.113057
0 95 0.377930 0.392229 0.110620 0.122552
0 96 0.444027 0.829189 0.084645 0.067179
0 97 0.456483 0.185000 0.094162 0.060010
0 98 0.082296 0.378277 0.056272 0.191586
0 99 0.114051 0.489252 0.078495 0.167951
0 100 0.683330 0.685448 0.139206 0.125923
0 101 0.782753 0.572384 0.111663 0.122868
0 102 0.465226 0.702121 0.102423 0.134750
0 103 0.280187 0.491343 0.051189 0.118187
0 104 0.522249 0.670511 0.110160 0.199595
0 105 0.303104 0.411088 0.045607 0.132666
0 106 0.360311 0.610185 0.094311 0.158580