0 92 0.676948 0.586936 0.085805 0.126892
0 93 0.557372 0.792826 0.222586 0.066586
0 94 0.256532 0.232560 0.140910 0.066735
0 95 0.399919 0.407838 0.110997 0.141361
0 96 0.400380 0.831666 0.085502 0.049554
0 97 0.436565 0.182407 0.068198 0.052030
0 98 0.120071 0.325820 0.059626 0.180087
0 99 0.164031 0.563381 0.137879 0.142577
0 100 0.730701 0.612999 0.054736 0.173138
0 101 0.787489 0.602631 0.087479 0.072638
0 102 0.519249 0.600427 0.053567 0.167663
0 103 0.294548 0.546105 0.111209 0.123006
0 104 0.538723 0.671572 0.112058 0.206134
0 105 0.325142 0.447285 0.116982 0.085011
0 106 0.432935 0.451960 0.086255 0.134592