0 92 0.681045 0.728470 0.146793 0.063987
0 93 0.483439 0.816923 0.188196 0.082806
0 94 0.179928 0.287779 0.094286 0.132894
0 95 0.371179 0.379441 0.101637 0.137805
0 96 0.426639 0.823381 0.072683 0.072787
0 97 0.462515 0.187079 0.111646 0.065023
0 98 0.065916 0.434059 0.040105 0.195115
0 99 0.100647 0.448811 0.056459 0.167118
0 100 0.610851 0.727088 0.171252 0.060730
0 101 0.748724 0.607088 0.170934 0.051290
0 102 0.396802 0.768130 0.155785 0.112439
0 103 0.290540 0.447974 0.078667 0.148528
0 104 0.539300 0.666249 0.117583 0.190081
0 105 0.274625 0.343924 0.074149 0.146817
0 106 0.289458 0.704349 0.150642 0.114391