0 92 0.695348 0.728847 0.158838 0.066245
0 93 0.476664 0.815417 0.200241 0.076784
0 94 0.184511 0.279875 0.097194 0.119880
0 95 0.377392 0.385814 0.095686 0.119221
0 96 0.414546 0.818011 0.097102 0.081573
0 97 0.459911 0.188012 0.111385 0.065402
0 98 0.068187 0.423528 0.046101 0.193594
0 99 0.096507 0.439024 0.039145 0.168624
0 100 0.623631 0.733878 0.156231 0.081778
0 101 0.744170 0.604831 0.172643 0.053480
0 102 0.414972 0.757404 0.128137 0.114150
0 103 0.291775 0.456773 0.079433 0.141100
0 104 0.538083 0.670055 0.115073 0.192279
0 105 0.278567 0.351448 0.078218 0.149421
0 106 0.299086 0.700435 0.146139 0.136586