0 92 0.704570 0.724463 0.166016 0.067577
0 93 0.497752 0.813169 0.201887 0.084357
0 94 0.188792 0.276274 0.104838 0.124886
0 95 0.384788 0.380360 0.096884 0.124165
0 96 0.432692 0.814151 0.078649 0.092446
0 97 0.462158 0.187996 0.111213 0.059682
0 98 0.069101 0.397569 0.044274 0.170233
0 99 0.094625 0.445423 0.041403 0.169377
0 100 0.637977 0.725022 0.162960 0.093737
0 101 0.754123 0.599990 0.132280 0.076509
0 102 0.418249 0.733458 0.154694 0.101281
0 103 0.296321 0.452594 0.081520 0.173540
0 104 0.534490 0.665830 0.119386 0.199012
0 105 0.279392 0.393052 0.076561 0.113804
0 106 0.317998 0.667429 0.119796 0.132716