0 92 0.721319 0.655074 0.091840 0.108401
0 93 0.533016 0.811217 0.231052 0.061051
0 94 0.246605 0.243780 0.117221 0.075212
0 95 0.384641 0.388848 0.103296 0.129779
0 96 0.419200 0.835968 0.081313 0.054640
0 97 0.450352 0.186112 0.088424 0.068060
0 98 0.095750 0.358427 0.055647 0.203381
0 99 0.146029 0.529372 0.084984 0.133497
0 100 0.726707 0.657506 0.100794 0.141602
0 101 0.756703 0.588147 0.119939 0.078034
0 102 0.498823 0.673301 0.053543 0.184865
0 103 0.282279 0.515139 0.050883 0.143675
0 104 0.527075 0.670069 0.098090 0.207005
0 105 0.317444 0.435927 0.059668 0.101102
0 106 0.393174 0.547565 0.077312 0.153443