0 92 0.693990 0.599140 0.094065 0.116568
0 93 0.551366 0.799850 0.220193 0.067268
0 94 0.252521 0.232399 0.136714 0.067026
0 95 0.406261 0.414413 0.123560 0.160794
0 96 0.411040 0.836715 0.116924 0.048586
0 98 0.109517 0.322457 0.063734 0.175507
0 99 0.156558 0.555406 0.124639 0.127552
0 100 0.728076 0.618884 0.060624 0.168893
0 101 0.788608 0.603619 0.091195 0.071496
0 102 0.513836 0.618824 0.065755 0.173947
0 103 0.293265 0.539032 0.089029 0.126740
0 104 0.537093 0.673658 0.111630 0.201580
0 105 0.315109 0.449521 0.124484 0.062781
0 106 0.425247 0.476671 0.082869 0.139111