0 92 0.650932 0.559968 0.063871 0.139836
0 93 0.562958 0.783147 0.231606 0.061849
0 94 0.272161 0.227641 0.115731 0.064884
0 95 0.383657 0.401750 0.104909 0.134102
0 96 0.389604 0.818089 0.046709 0.064612
0 97 0.418702 0.231827 0.097856 0.163745
0 98 0.126829 0.318349 0.088952 0.155486
0 99 0.185749 0.582345 0.112354 0.124167
0 100 0.735803 0.585257 0.067247 0.157049
0 101 0.795692 0.596923 0.060124 0.100130
0 102 0.530675 0.571332 0.057767 0.171403
0 103 0.310010 0.562654 0.131480 0.118604
0 104 0.535538 0.668830 0.110019 0.212246
0 105 0.347144 0.432900 0.096112 0.132364
0 106 0.470560 0.408329 0.067623 0.122850