0 93 0.491719 0.825203 0.124962 0.064740
0 94 0.169505 0.300519 0.079172 0.132804
0 95 0.368880 0.373568 0.102808 0.146673
0 96 0.404786 0.827963 0.128686 0.073502
0 97 0.464653 0.186694 0.112089 0.063846
0 98 0.079260 0.443473 0.073631 0.163289
0 99 0.099518 0.440906 0.061728 0.115176
0 100 0.616685 0.734225 0.208218 0.052475
0 101 0.746212 0.612521 0.164572 0.057090
0 102 0.366251 0.772892 0.166641 0.074565
0 103 0.288869 0.444808 0.065522 0.139917
0 104 0.544465 0.670281 0.126144 0.188576
0 105 0.257756 0.334307 0.075403 0.164578
0 106 0.256080 0.712888 0.160812 0.054317