0 92 0.679163 0.727718 0.155074 0.053448
0 94 0.179038 0.286630 0.089605 0.129893
0 95 0.370500 0.378596 0.100808 0.139883
0 96 0.426279 0.824564 0.072139 0.071499
0 97 0.462948 0.186716 0.112488 0.065083
0 98 0.066282 0.432964 0.043888 0.194294
0 99 0.105917 0.437895 0.050437 0.154321
0 100 0.607189 0.725714 0.174059 0.055949
0 101 0.748205 0.608461 0.170555 0.051259
0 102 0.389915 0.770290 0.162567 0.112352
0 103 0.291616 0.447318 0.077294 0.144170
0 104 0.539080 0.666625 0.118570 0.190134
0 105 0.273484 0.343865 0.071682 0.143168
0 106 0.286767 0.703735 0.150475 0.109174