0 92 0.706419 0.698830 0.166765 0.095681
0 93 0.505346 0.819871 0.215789 0.067818
0 94 0.195718 0.270980 0.127324 0.117215
0 95 0.378667 0.387919 0.105090 0.125058
0 96 0.442342 0.835476 0.083593 0.051810
0 97 0.459453 0.190456 0.098829 0.055260
0 98 0.078420 0.414405 0.058852 0.237888
0 99 0.104090 0.468313 0.054293 0.180686
0 100 0.674773 0.695500 0.183348 0.099694
0 101 0.761248 0.588464 0.126969 0.087660
0 102 0.444504 0.713331 0.126924 0.100335
0 103 0.281748 0.488364 0.055456 0.132047
0 104 0.530428 0.669123 0.118030 0.198892
0 105 0.295140 0.403860 0.090309 0.117952
0 106 0.358775 0.648212 0.081904 0.164323