0 93 0.463866 0.809018 0.189702 0.097109
0 94 0.170243 0.299285 0.081751 0.136840
0 95 0.369640 0.373747 0.102553 0.148547
0 96 0.409045 0.826827 0.128167 0.072666
0 97 0.464274 0.187294 0.113643 0.064258
0 98 0.080057 0.442220 0.073382 0.170820
0 99 0.099518 0.443165 0.051189 0.119693
0 100 0.625339 0.736375 0.219061 0.069256
0 101 0.744932 0.610695 0.171444 0.054626
0 102 0.369366 0.769750 0.161561 0.082909
0 103 0.289860 0.452955 0.062844 0.124626
0 104 0.543625 0.668730 0.125047 0.187459
0 105 0.261427 0.330221 0.080326 0.156604
0 106 0.266762 0.702025 0.160620 0.060928