0 92 0.660018 0.571689 0.062331 0.125560
0 93 0.564179 0.789081 0.217404 0.056142
0 94 0.282939 0.231867 0.109747 0.065242
0 95 0.392110 0.422054 0.104447 0.116094
0 96 0.399304 0.824478 0.066516 0.048843
0 97 0.434749 0.179693 0.065384 0.057137
0 98 0.123272 0.313990 0.075116 0.158163
0 99 0.181598 0.576884 0.109945 0.131860
0 100 0.734500 0.599103 0.060835 0.151504
0 101 0.793871 0.602219 0.069143 0.085222
0 102 0.524187 0.591612 0.054623 0.180884
0 103 0.300419 0.553471 0.123630 0.129594
0 104 0.538083 0.667063 0.114159 0.213839
0 105 0.328331 0.441543 0.124129 0.107046
0 106 0.448802 0.430455 0.081463 0.129451