0 92 0.726187 0.663915 0.086683 0.123575
0 93 0.529669 0.813277 0.229375 0.056701
0 94 0.244495 0.246630 0.112194 0.071322
0 95 0.385361 0.389765 0.102442 0.123613
0 96 0.411690 0.827729 0.063609 0.067673
0 97 0.451823 0.184880 0.090229 0.065317
0 98 0.094566 0.364119 0.054073 0.210013
0 99 0.142867 0.528125 0.081512 0.129359
0 100 0.715112 0.665409 0.076281 0.142057
0 101 0.757964 0.584546 0.122155 0.081400
0 102 0.499177 0.679041 0.061433 0.188885
0 103 0.281110 0.512641 0.050349 0.139530
0 104 0.536032 0.662938 0.103665 0.220863
0 105 0.313084 0.439536 0.050352 0.099322
0 106 0.386572 0.552082 0.079618 0.150170