0 92 0.721319 0.646793 0.102379 0.109907
0 93 0.536053 0.809961 0.229896 0.064089
0 94 0.249043 0.240855 0.117966 0.075400
0 95 0.382857 0.389531 0.107489 0.136879
0 96 0.420699 0.837064 0.090894 0.048521
0 97 0.450239 0.185556 0.087860 0.064986
0 98 0.097183 0.357089 0.058489 0.210282
0 99 0.151169 0.539820 0.088698 0.119984
0 100 0.723274 0.657371 0.095909 0.149935
0 101 0.763301 0.577114 0.123804 0.079136
0 102 0.508123 0.673322 0.052942 0.198162
0 103 0.283199 0.515081 0.054433 0.155523
0 104 0.528258 0.671056 0.088811 0.201440
0 105 0.318326 0.435204 0.082708 0.097028
0 106 0.407327 0.536962 0.067300 0.157454