0 92 0.717555 0.629103 0.112918 0.104637
0 93 0.539089 0.807643 0.235821 0.061805
0 94 0.248734 0.243498 0.126531 0.073883
0 95 0.382543 0.392064 0.107923 0.126125
0 96 0.419379 0.842927 0.104634 0.038972
0 97 0.454765 0.181620 0.087257 0.057760
0 98 0.101177 0.343694 0.060211 0.198534
0 99 0.151692 0.547281 0.101324 0.115057
0 100 0.722417 0.638543 0.082910 0.159884
0 101 0.771505 0.584539 0.123720 0.068403
0 102 0.509199 0.663254 0.056270 0.206231
0 103 0.286564 0.521262 0.058203 0.151671
0 104 0.530128 0.675824 0.095239 0.195696
0 105 0.316737 0.461320 0.102869 0.045002
0 106 0.407481 0.518257 0.078250 0.145918