0 92 0.710379 0.723580 0.156465 0.073960
0 93 0.500336 0.815551 0.203587 0.069940
0 94 0.189458 0.275770 0.116803 0.126979
0 95 0.383464 0.379676 0.095100 0.132620
0 96 0.438252 0.827262 0.076074 0.067441
0 98 0.068710 0.411241 0.043551 0.216664
0 99 0.100647 0.454833 0.053448 0.159590
0 100 0.641677 0.711269 0.171529 0.095166
0 101 0.759847 0.594220 0.130717 0.068002
0 102 0.427528 0.729959 0.160269 0.108833
0 103 0.296214 0.483031 0.082990 0.129706
0 104 0.532365 0.667352 0.120880 0.205374
0 105 0.283173 0.394899 0.079344 0.103599
0 106 0.333003 0.665399 0.108901 0.153282