0 92 0.707441 0.709120 0.152718 0.096665
0 93 0.506427 0.820836 0.221225 0.062845
0 94 0.199795 0.267222 0.124790 0.112825
0 95 0.376764 0.389723 0.109936 0.124103
0 96 0.446147 0.834577 0.096663 0.054558
0 97 0.456015 0.188697 0.091595 0.055020
0 98 0.078217 0.414393 0.053594 0.244433
0 99 0.100294 0.470625 0.074657 0.183048
0 100 0.664819 0.694201 0.158002 0.106931
0 101 0.765922 0.585173 0.137687 0.093667
0 102 0.446128 0.712022 0.134920 0.112221
0 103 0.290162 0.490764 0.074151 0.135906
0 104 0.529610 0.670262 0.114524 0.204669
0 105 0.292288 0.404495 0.079614 0.131124
0 106 0.363723 0.638154 0.077352 0.159219