0 93 0.495107 0.833860 0.130232 0.063987
0 94 0.162955 0.317954 0.071214 0.142406
0 95 0.372605 0.376403 0.099993 0.133264
0 96 0.383023 0.823501 0.164697 0.069650
0 97 0.463463 0.187001 0.113945 0.061805
0 98 0.082283 0.459011 0.078766 0.169601
0 99 0.093120 0.437142 0.071515 0.060976
0 100 0.598635 0.738378 0.193076 0.058585
0 101 0.746337 0.618852 0.161453 0.068787
0 102 0.352251 0.790621 0.162800 0.065330
0 103 0.297037 0.423094 0.051650 0.189546
0 104 0.548191 0.671917 0.141207 0.192429
0 105 0.246263 0.297246 0.067673 0.163190
0 106 0.238675 0.709739 0.145269 0.051876