0 92 0.671823 0.582083 0.079092 0.128973
0 93 0.560706 0.790964 0.218972 0.061989
0 94 0.258386 0.233725 0.142133 0.070149
0 95 0.397640 0.403227 0.110888 0.148191
0 96 0.401725 0.826312 0.079695 0.045803
0 97 0.437127 0.181015 0.069844 0.053313
0 98 0.122026 0.315185 0.064531 0.158381
0 99 0.164575 0.569936 0.139601 0.143610
0 100 0.731885 0.608747 0.057243 0.167840
0 101 0.786422 0.600648 0.088221 0.076790
0 102 0.520872 0.590408 0.050783 0.168759
0 103 0.295609 0.549174 0.119237 0.126917
0 104 0.538021 0.670349 0.112322 0.207279
0 105 0.324635 0.445296 0.117652 0.092413
0 106 0.435052 0.440532 0.089225 0.128312