0 92 0.695724 0.730729 0.164107 0.071515
0 93 0.493035 0.816239 0.195759 0.080606
0 94 0.184939 0.278091 0.100047 0.118786
0 95 0.372193 0.379452 0.114004 0.127084
0 96 0.436766 0.818428 0.066245 0.088829
0 97 0.459094 0.186621 0.111239 0.064214
0 98 0.080190 0.424217 0.066174 0.200969
0 99 0.099895 0.442036 0.033875 0.159590
0 100 0.628087 0.729874 0.159364 0.073225
0 101 0.748203 0.608003 0.162163 0.064178
0 102 0.413519 0.754280 0.134661 0.118097
0 103 0.292797 0.451436 0.083544 0.161535
0 104 0.537012 0.670488 0.115766 0.194255
0 105 0.279458 0.360760 0.075659 0.149415
0 106 0.301058 0.693898 0.145404 0.141436