0 92 0.710723 0.724337 0.156398 0.070830
0 93 0.493601 0.813159 0.202499 0.081301
0 94 0.190563 0.275314 0.115275 0.127191
0 95 0.384510 0.382387 0.093406 0.126620
0 96 0.439148 0.826751 0.083325 0.069391
0 97 0.463536 0.195105 0.104852 0.042725
0 98 0.067363 0.400245 0.040222 0.185961
0 99 0.102906 0.461608 0.039898 0.162602
0 100 0.641820 0.712856 0.169059 0.094445
0 101 0.757826 0.594808 0.131717 0.070877
0 102 0.424314 0.730357 0.155915 0.107499
0 103 0.297468 0.479190 0.083466 0.137669
0 104 0.532276 0.667441 0.119001 0.203909
0 105 0.281734 0.394180 0.078888 0.103591
0 106 0.320822 0.666617 0.129778 0.150965