0 93 0.494354 0.829344 0.121198 0.053448
0 94 0.165803 0.315307 0.072306 0.145940
0 95 0.371251 0.375550 0.100000 0.134019
0 96 0.385172 0.822349 0.139323 0.070448
0 97 0.463286 0.186491 0.112709 0.062506
0 98 0.085970 0.457416 0.085675 0.168740
0 99 0.108175 0.435260 0.080548 0.076784
0 100 0.610063 0.737633 0.177476 0.058864
0 101 0.745265 0.620003 0.164901 0.070135
0 102 0.354282 0.790384 0.167177 0.062524
0 103 0.287654 0.432811 0.070099 0.167923
0 104 0.541403 0.664484 0.121951 0.187444
0 105 0.247509 0.312223 0.072093 0.186552
0 106 0.237017 0.709847 0.155856 0.052647