0 92 0.739250 0.670465 0.054202 0.157727
0 93 0.525010 0.814737 0.224843 0.058752
0 94 0.244313 0.241367 0.084683 0.061073
0 95 0.383029 0.389266 0.109276 0.118947
0 96 0.432609 0.834211 0.081182 0.054275
0 97 0.451872 0.186037 0.091107 0.065572
0 98 0.089684 0.370609 0.059879 0.209527
0 99 0.122158 0.510022 0.086812 0.155214
0 100 0.690942 0.660888 0.111837 0.139158
0 101 0.771356 0.584068 0.098595 0.081938
0 102 0.476944 0.684888 0.091809 0.165239
0 103 0.281552 0.480669 0.057787 0.193173
0 104 0.526243 0.670619 0.106234 0.199902
0 105 0.294047 0.427603 0.067604 0.129474
0 106 0.381980 0.579698 0.076907 0.164611