0 93 0.498118 0.828591 0.118187 0.063987
0 94 0.165597 0.308889 0.082632 0.144476
0 95 0.369258 0.376857 0.102541 0.141320
0 96 0.405286 0.824748 0.127262 0.075028
0 97 0.462959 0.187004 0.116039 0.063842
0 98 0.079706 0.442444 0.074297 0.157226
0 99 0.105540 0.448811 0.064740 0.115929
0 100 0.609553 0.734990 0.209727 0.054404
0 101 0.745621 0.614272 0.167549 0.059569
0 102 0.357551 0.776002 0.173854 0.060984
0 103 0.286934 0.434629 0.071649 0.164420
0 104 0.546777 0.668385 0.132863 0.188767
0 105 0.260898 0.339374 0.085747 0.176815
0 106 0.247363 0.713277 0.163078 0.052990