0 92 0.707601 0.610039 0.104860 0.105108
0 93 0.540456 0.804918 0.234151 0.069480
0 94 0.251310 0.239142 0.131361 0.072868
0 95 0.395877 0.401304 0.097564 0.111111
0 96 0.410510 0.841206 0.083873 0.043789
0 97 0.453515 0.183250 0.100578 0.053240
0 98 0.104938 0.345879 0.065991 0.209337
0 99 0.152823 0.552053 0.111467 0.119543
0 100 0.722551 0.627972 0.065945 0.158144
0 101 0.769510 0.596282 0.128696 0.080629
0 102 0.509114 0.640774 0.068848 0.189063
0 103 0.291164 0.513528 0.081129 0.159191
0 104 0.530896 0.674988 0.097144 0.198044
0 105 0.311624 0.458789 0.120255 0.052413
0 106 0.405310 0.494838 0.093170 0.132037