0 93 0.464243 0.807513 0.197983 0.098615
0 94 0.173721 0.290042 0.076100 0.126534
0 95 0.369255 0.374945 0.101637 0.145911
0 96 0.394549 0.823914 0.147194 0.076744
0 97 0.461640 0.187467 0.111023 0.065043
0 98 0.077273 0.439522 0.068805 0.181350
0 99 0.101777 0.441659 0.060223 0.146793
0 100 0.620446 0.732382 0.225227 0.055458
0 101 0.745409 0.609895 0.176036 0.054382
0 102 0.370066 0.768467 0.164142 0.096413
0 103 0.290656 0.436698 0.065467 0.156447
0 104 0.544466 0.669795 0.127969 0.185866
0 105 0.271295 0.336518 0.076603 0.135934
0 106 0.273494 0.703081 0.138019 0.070724