0 92 0.725000 0.673428 0.079960 0.130410
0 93 0.528870 0.814569 0.226546 0.056528
0 94 0.242236 0.246341 0.110907 0.072549
0 95 0.386054 0.390742 0.102240 0.121341
0 96 0.412966 0.832015 0.067053 0.057121
0 97 0.452780 0.184900 0.090604 0.065707
0 98 0.093020 0.364843 0.056021 0.208785
0 99 0.130840 0.520887 0.098261 0.140477
0 100 0.710802 0.669513 0.102896 0.131711
0 101 0.761912 0.582874 0.113095 0.085034
0 102 0.486271 0.680413 0.082129 0.181531
0 103 0.282288 0.488340 0.059079 0.183730
0 104 0.533002 0.661765 0.110072 0.219144
0 105 0.299697 0.438088 0.058967 0.105925
0 106 0.388546 0.563122 0.071956 0.162706