0 92 0.669543 0.580460 0.075983 0.130232
0 93 0.561947 0.789544 0.217399 0.058670
0 94 0.283406 0.232319 0.114305 0.066554
0 95 0.394064 0.400609 0.104449 0.149330
0 96 0.400693 0.826613 0.077229 0.047347
0 97 0.434569 0.181039 0.063566 0.053748
0 98 0.123430 0.314414 0.067564 0.157344
0 99 0.173409 0.572355 0.126253 0.136727
0 100 0.733320 0.605789 0.060344 0.161583
0 101 0.785572 0.601156 0.088029 0.077533
0 102 0.521327 0.593753 0.050902 0.173899
0 103 0.298745 0.552225 0.122123 0.129035
0 104 0.537803 0.668317 0.112794 0.210360
0 105 0.331723 0.444168 0.107487 0.095909
0 106 0.435195 0.437375 0.092881 0.128232