0 93 0.499247 0.830849 0.115929 0.062481
0 94 0.162950 0.314138 0.082679 0.149581
0 95 0.370857 0.378426 0.101730 0.132290
0 96 0.400197 0.824224 0.115293 0.072721
0 97 0.464005 0.186960 0.113454 0.062457
0 98 0.078657 0.445633 0.071406 0.154806
0 99 0.102529 0.442788 0.061728 0.093345
0 100 0.616930 0.736076 0.181514 0.057109
0 101 0.746681 0.616938 0.165401 0.065651
0 102 0.354094 0.788662 0.181953 0.068788
0 103 0.279092 0.420307 0.087128 0.193507
0 104 0.547025 0.667857 0.134042 0.190136
0 105 0.249783 0.336104 0.077795 0.192881
0 106 0.234478 0.710203 0.173781 0.053239