0 92 0.708485 0.703817 0.162443 0.083313
0 93 0.502295 0.817756 0.221928 0.071799
0 94 0.195421 0.272630 0.125212 0.116985
0 95 0.379233 0.385317 0.105525 0.131193
0 96 0.441420 0.835078 0.085086 0.053299
0 97 0.463094 0.191376 0.106371 0.055349
0 98 0.071610 0.401833 0.045277 0.208379
0 99 0.110810 0.467630 0.063234 0.168624
0 100 0.672230 0.697302 0.209418 0.096114
0 101 0.759435 0.590463 0.123090 0.085049
0 102 0.444531 0.714972 0.124729 0.100123
0 103 0.280684 0.501466 0.052450 0.104913
0 104 0.530667 0.668921 0.117185 0.197647
0 105 0.291125 0.402745 0.100147 0.122906
0 106 0.351636 0.652858 0.091445 0.167684