0 92 0.733403 0.667600 0.055148 0.150674
0 93 0.528498 0.815596 0.218442 0.056875
0 94 0.240610 0.244286 0.094144 0.066128
0 95 0.383567 0.389420 0.108636 0.120008
0 96 0.427626 0.835030 0.077499 0.051798
0 97 0.452047 0.185930 0.091867 0.066478
0 98 0.091060 0.369508 0.059352 0.210162
0 99 0.124447 0.510550 0.091624 0.154427
0 100 0.695852 0.660156 0.114017 0.144236
0 101 0.771153 0.581049 0.100108 0.082861
0 102 0.479207 0.681971 0.089174 0.168590
0 103 0.283264 0.482494 0.062176 0.191093
0 104 0.534558 0.661441 0.104520 0.200149
0 105 0.291942 0.438215 0.063030 0.110171
0 106 0.385217 0.574635 0.070954 0.162599