0 92 0.697633 0.723505 0.179967 0.066147
0 93 0.496643 0.816360 0.205550 0.084627
0 94 0.187657 0.276015 0.106138 0.125858
0 95 0.383987 0.380239 0.096628 0.123678
0 96 0.431670 0.814941 0.077106 0.090350
0 97 0.458729 0.188532 0.110437 0.057836
0 98 0.071010 0.409194 0.047983 0.187634
0 99 0.089732 0.446929 0.049684 0.164860
0 100 0.636623 0.728969 0.169516 0.090382
0 101 0.755582 0.602783 0.138281 0.074697
0 102 0.417184 0.734618 0.150814 0.101995
0 103 0.295035 0.456895 0.080753 0.159616
0 104 0.530320 0.668989 0.111966 0.195026
0 105 0.279156 0.391428 0.074393 0.103657
0 106 0.316768 0.670361 0.119958 0.127277