0 92 0.715297 0.620446 0.109907 0.106896
0 93 0.539929 0.805370 0.235326 0.069172
0 94 0.250552 0.240148 0.128970 0.073514
0 95 0.392981 0.399472 0.102119 0.107761
0 96 0.408988 0.841378 0.078954 0.043512
0 97 0.453603 0.182707 0.095438 0.051623
0 98 0.104377 0.346317 0.066059 0.209505
0 99 0.151854 0.550515 0.109043 0.117790
0 100 0.724126 0.628472 0.074589 0.158744
0 101 0.765117 0.591155 0.136117 0.081846
0 102 0.508670 0.644413 0.066985 0.187338
0 103 0.287715 0.528982 0.073773 0.119693
0 104 0.530999 0.674974 0.098699 0.198525
0 105 0.313263 0.459422 0.115855 0.052437
0 106 0.404929 0.501324 0.089678 0.138142