0 93 0.495107 0.830849 0.131737 0.065492
0 94 0.163950 0.312679 0.077520 0.141876
0 95 0.371022 0.375487 0.101248 0.136212
0 96 0.391985 0.821045 0.127201 0.065529
0 97 0.463719 0.186715 0.112424 0.062760
0 98 0.086578 0.455033 0.087955 0.171762
0 99 0.104788 0.430744 0.067751 0.060223
0 100 0.613771 0.736823 0.178501 0.057906
0 101 0.746244 0.619796 0.165528 0.070781
0 102 0.355634 0.791613 0.171331 0.067165
0 103 0.284275 0.427253 0.077397 0.179595
0 104 0.540119 0.667474 0.130542 0.188990
0 105 0.249300 0.330883 0.073989 0.189146
0 106 0.237311 0.708903 0.161938 0.051028