0 92 0.686896 0.595463 0.089689 0.122782
0 93 0.553357 0.796819 0.217714 0.064834
0 94 0.254830 0.230641 0.141761 0.063978
0 95 0.393994 0.394965 0.094500 0.122906
0 96 0.406099 0.833250 0.099700 0.045373
0 97 0.435812 0.183341 0.072086 0.048798
0 98 0.113512 0.326978 0.060915 0.185703
0 99 0.158235 0.554577 0.124962 0.133243
0 100 0.728718 0.617135 0.060547 0.174360
0 101 0.790529 0.603742 0.087312 0.071687
0 102 0.514847 0.613909 0.063517 0.178618
0 103 0.291181 0.542208 0.100835 0.119735
0 104 0.537016 0.670928 0.109262 0.205338
0 105 0.318423 0.448526 0.121111 0.074454
0 106 0.429888 0.466618 0.083607 0.138609