0 92 0.677657 0.732611 0.140018 0.072267
0 93 0.481933 0.820310 0.195724 0.070009
0 94 0.179993 0.287513 0.094904 0.129627
0 95 0.372199 0.379544 0.103276 0.135796
0 96 0.425389 0.822043 0.078434 0.075981
0 97 0.463819 0.186852 0.113038 0.065874
0 98 0.070057 0.426429 0.048384 0.184782
0 99 0.096883 0.443917 0.042909 0.170882
0 100 0.615020 0.726676 0.167430 0.061554
0 101 0.746389 0.605603 0.174233 0.052991
0 102 0.401464 0.766649 0.148910 0.114570
0 103 0.289772 0.446911 0.078479 0.154175
0 104 0.539623 0.667151 0.117820 0.189167
0 105 0.275440 0.347607 0.076307 0.143631
0 106 0.293947 0.704008 0.149310 0.120000