0 92 0.737544 0.680879 0.065441 0.144098
0 93 0.521921 0.812312 0.227737 0.067829
0 94 0.215698 0.250035 0.127481 0.084110
0 95 0.381046 0.391160 0.111027 0.118234
0 96 0.446242 0.826071 0.095930 0.068622
0 97 0.451876 0.185399 0.091688 0.063218
0 98 0.086759 0.378979 0.056501 0.209887
0 99 0.117141 0.517378 0.083785 0.123327
0 100 0.694252 0.666774 0.122862 0.118524
0 101 0.774959 0.578195 0.086845 0.098062
0 102 0.473678 0.688671 0.086500 0.150502
0 103 0.281260 0.501082 0.053045 0.152381
0 104 0.525212 0.669188 0.105377 0.193796
0 105 0.305667 0.421554 0.056139 0.131529
0 106 0.369892 0.593482 0.088002 0.158629