0 92 0.727778 0.666098 0.067546 0.135707
0 93 0.530159 0.814816 0.223108 0.057945
0 94 0.238715 0.245708 0.106147 0.066527
0 95 0.384712 0.389957 0.105979 0.120666
0 96 0.415917 0.834677 0.064526 0.051663
0 97 0.452422 0.185015 0.091388 0.065707
0 98 0.092468 0.366860 0.056630 0.210328
0 99 0.127506 0.519688 0.094730 0.137837
0 100 0.705013 0.663341 0.097633 0.145546
0 101 0.765865 0.581629 0.105094 0.084130
0 102 0.485019 0.680839 0.082133 0.178954
0 103 0.282766 0.482845 0.060980 0.190111
0 104 0.531498 0.662520 0.112886 0.218374
0 105 0.293089 0.438900 0.065548 0.105460
0 106 0.389375 0.564578 0.068894 0.158464