0 92 0.707686 0.721359 0.158084 0.081179
0 93 0.495107 0.815417 0.210027 0.076784
0 94 0.190415 0.275261 0.121878 0.127427
0 95 0.381188 0.378273 0.101878 0.139743
0 96 0.439439 0.824565 0.080019 0.072725
0 97 0.467782 0.192786 0.117755 0.050520
0 98 0.070948 0.408067 0.046602 0.212471
0 99 0.111939 0.464995 0.051942 0.143782
0 100 0.654854 0.704718 0.190807 0.096002
0 101 0.761350 0.593156 0.119939 0.070701
0 102 0.435874 0.725458 0.142991 0.109178
0 103 0.296323 0.480580 0.086464 0.138490
0 104 0.530816 0.669596 0.120770 0.204190
0 105 0.287056 0.395031 0.083372 0.100260
0 106 0.343851 0.660339 0.095496 0.160159