0 92 0.653946 0.565332 0.061693 0.136113
0 93 0.566749 0.785617 0.223833 0.055083
0 94 0.283260 0.222841 0.116035 0.063414
0 95 0.381407 0.410152 0.112573 0.129973
0 96 0.393928 0.820930 0.053437 0.061788
0 97 0.431525 0.179323 0.070421 0.059370
0 98 0.125344 0.316455 0.083262 0.160527
0 99 0.185118 0.581246 0.110629 0.126181
0 100 0.734959 0.585979 0.066360 0.144841
0 101 0.795144 0.597358 0.065208 0.085527
0 102 0.529030 0.579080 0.056915 0.175466
0 103 0.306430 0.560924 0.124194 0.122931
0 104 0.538352 0.667739 0.115145 0.214116
0 105 0.344612 0.437947 0.098938 0.122001
0 106 0.467710 0.417893 0.065433 0.126100