0 92 0.730124 0.671560 0.057890 0.143666
0 93 0.529820 0.815148 0.218633 0.058018
0 94 0.236741 0.246224 0.105672 0.069138
0 95 0.383744 0.389696 0.107992 0.120757
0 96 0.423243 0.834312 0.073834 0.053261
0 97 0.452991 0.185327 0.091847 0.066668
0 98 0.091432 0.367485 0.058083 0.208560
0 99 0.127545 0.519651 0.088465 0.133905
0 100 0.700376 0.664082 0.108724 0.142756
0 101 0.768893 0.574981 0.100533 0.072159
0 102 0.483598 0.680633 0.080928 0.173605
0 103 0.280893 0.494105 0.055800 0.169876
0 104 0.527941 0.667145 0.108309 0.207230
0 105 0.289816 0.439823 0.061834 0.109956
0 106 0.387444 0.569316 0.068765 0.160701