0 92 0.727049 0.664868 0.089104 0.122539
0 93 0.528267 0.814667 0.228856 0.055189
0 94 0.242498 0.247007 0.110260 0.072981
0 95 0.387219 0.390824 0.098789 0.118780
0 96 0.411620 0.827239 0.062970 0.065717
0 97 0.451854 0.184897 0.089892 0.065322
0 98 0.093116 0.365338 0.054689 0.210893
0 99 0.142565 0.528298 0.078637 0.127739
0 100 0.710978 0.670163 0.078373 0.136109
0 101 0.760637 0.585290 0.116373 0.081238
0 102 0.492332 0.681445 0.073689 0.184770
0 103 0.280068 0.508720 0.051888 0.145532
0 104 0.535740 0.662318 0.105957 0.221128
0 105 0.311125 0.440274 0.044532 0.101091
0 106 0.388690 0.555846 0.073967 0.152586