0 92 0.701109 0.714668 0.171055 0.080989
0 93 0.502652 0.814475 0.215671 0.072488
0 94 0.195147 0.274280 0.122522 0.124256
0 95 0.379731 0.383306 0.104605 0.132709
0 96 0.442021 0.834202 0.084204 0.055024
0 97 0.467239 0.191782 0.113287 0.053132
0 98 0.073671 0.406984 0.050190 0.216144
0 99 0.110434 0.465748 0.057964 0.149804
0 100 0.674297 0.698879 0.212080 0.095543
0 101 0.760684 0.592124 0.117063 0.080041
0 102 0.444269 0.717330 0.124045 0.099994
0 103 0.292343 0.490493 0.076754 0.124532
0 104 0.529997 0.669041 0.119618 0.200497
0 105 0.290755 0.401677 0.096568 0.116061
0 106 0.348158 0.655995 0.095948 0.165320