0 92 0.723201 0.637760 0.109154 0.103884
0 93 0.536209 0.808746 0.241058 0.062342
0 94 0.247560 0.240198 0.119565 0.074792
0 95 0.382688 0.390355 0.107347 0.132599
0 96 0.420081 0.837169 0.102643 0.048147
0 97 0.452006 0.183655 0.092119 0.061252
0 98 0.098795 0.343601 0.058617 0.191579
0 99 0.152190 0.540577 0.096601 0.126333
0 100 0.717149 0.644655 0.088016 0.153328
0 101 0.769115 0.579956 0.113682 0.077969
0 102 0.505638 0.641328 0.057949 0.143420
0 103 0.285039 0.519529 0.055725 0.148807
0 104 0.528178 0.676302 0.090942 0.196064
0 105 0.316598 0.432345 0.091190 0.104281
0 106 0.408899 0.526456 0.073858 0.147186