0 92 0.707526 0.718350 0.162851 0.083511
0 93 0.500237 0.818057 0.212757 0.072740
0 94 0.193172 0.275384 0.122134 0.124293
0 95 0.381085 0.381844 0.102145 0.134151
0 96 0.442415 0.828512 0.081017 0.066366
0 97 0.468212 0.191612 0.118846 0.054021
0 98 0.069214 0.411908 0.042541 0.225868
0 99 0.111939 0.471771 0.042909 0.148299
0 100 0.665146 0.700942 0.201035 0.100063
0 101 0.761045 0.592146 0.114184 0.075620
0 102 0.443487 0.721269 0.127973 0.104118
0 103 0.293294 0.491967 0.078384 0.120285
0 104 0.529959 0.669293 0.120814 0.202395
0 105 0.290090 0.400519 0.091297 0.109935
0 106 0.345746 0.658986 0.096150 0.163038