0 92 0.736459 0.671144 0.062283 0.139513
0 93 0.523614 0.812822 0.227170 0.067096
0 94 0.231742 0.244453 0.103118 0.070532
0 95 0.386519 0.392802 0.100023 0.114048
0 96 0.437373 0.836433 0.099025 0.064620
0 97 0.453651 0.184209 0.096135 0.064434
0 98 0.087169 0.375960 0.056203 0.207291
0 99 0.117610 0.509368 0.086524 0.141337
0 100 0.697074 0.664119 0.130628 0.128911
0 101 0.774016 0.576328 0.081626 0.093091
0 102 0.474622 0.687504 0.087405 0.149908
0 103 0.280889 0.493868 0.055377 0.167022
0 104 0.526195 0.670379 0.105528 0.195940
0 105 0.303727 0.420123 0.056830 0.135336
0 106 0.375288 0.590867 0.081049 0.160306