0 92 0.699488 0.602002 0.121951 0.121198
0 93 0.546609 0.801168 0.223369 0.066776
0 94 0.250268 0.236229 0.131159 0.070245
0 95 0.396760 0.394039 0.112569 0.114216
0 96 0.412571 0.839948 0.096714 0.046119
0 97 0.451633 0.187279 0.091256 0.043403
0 98 0.108109 0.330852 0.061250 0.185345
0 99 0.153131 0.554416 0.116210 0.123247
0 100 0.725836 0.630608 0.055706 0.172388
0 101 0.787307 0.602040 0.092682 0.071029
0 102 0.507064 0.627752 0.071287 0.174862
0 103 0.292305 0.518037 0.086697 0.157481
0 104 0.529338 0.675126 0.102259 0.199335
0 105 0.311002 0.459578 0.128364 0.056604
0 106 0.406163 0.489070 0.105096 0.135919