0 92 0.720809 0.691823 0.161950 0.110258
0 93 0.511277 0.819308 0.225581 0.066216
0 94 0.202867 0.264376 0.123919 0.110756
0 95 0.376498 0.389886 0.109618 0.124972
0 96 0.442875 0.833401 0.093480 0.057529
0 97 0.455991 0.186909 0.089152 0.057820
0 98 0.079308 0.387295 0.054198 0.197460
0 99 0.108366 0.490473 0.075687 0.153521
0 100 0.682848 0.695072 0.155244 0.114678
0 101 0.766716 0.578666 0.140276 0.101714
0 102 0.450686 0.710306 0.132828 0.125201
0 103 0.282655 0.502200 0.054284 0.119409
0 104 0.531641 0.667336 0.121856 0.210563
0 105 0.288524 0.405756 0.064408 0.131791
0 106 0.361654 0.624308 0.082500 0.159612