0 93 0.463866 0.809771 0.185185 0.101626
0 94 0.168174 0.300283 0.083527 0.134995
0 95 0.369053 0.373450 0.103261 0.147768
0 96 0.403718 0.829169 0.126811 0.069037
0 97 0.463425 0.186935 0.112267 0.063975
0 98 0.080309 0.442706 0.075749 0.170224
0 99 0.101777 0.446176 0.058717 0.136254
0 100 0.618258 0.733631 0.210358 0.053963
0 101 0.744925 0.611286 0.168502 0.054084
0 102 0.368193 0.770985 0.162596 0.077298
0 103 0.289346 0.449423 0.061377 0.130079
0 104 0.542876 0.669501 0.124259 0.187110
0 105 0.256372 0.330329 0.069443 0.156323
0 106 0.258246 0.710211 0.159381 0.055987