0 92 0.705583 0.697480 0.130799 0.099447
0 93 0.512391 0.819052 0.225340 0.064808
0 94 0.204153 0.264557 0.123351 0.109968
0 95 0.377323 0.390377 0.109056 0.124921
0 96 0.438445 0.834091 0.085099 0.054518
0 97 0.457652 0.185888 0.094435 0.057991
0 98 0.079617 0.379318 0.055343 0.183252
0 99 0.109663 0.483147 0.074283 0.168430
0 100 0.683706 0.692897 0.149235 0.116119
0 101 0.782081 0.582692 0.112920 0.095313
0 102 0.452415 0.709334 0.131175 0.128333
0 103 0.282453 0.502653 0.053244 0.121429
0 104 0.529369 0.668743 0.118255 0.208582
0 105 0.297647 0.407919 0.051378 0.129374
0 106 0.360467 0.622295 0.085827 0.162858