0 92 0.649715 0.557514 0.065361 0.144235
0 93 0.563631 0.782764 0.233461 0.061918
0 94 0.267653 0.233321 0.107633 0.052194
0 95 0.383648 0.402384 0.101622 0.134398
0 96 0.389189 0.816397 0.051683 0.071200
0 97 0.423348 0.235856 0.089094 0.169962
0 98 0.129944 0.319994 0.090451 0.151010
0 99 0.186981 0.582478 0.111958 0.123904
0 100 0.736084 0.584745 0.067035 0.162409
0 101 0.795063 0.597241 0.059024 0.101726
0 102 0.531456 0.568700 0.059628 0.170129
0 103 0.311542 0.563685 0.136446 0.117525
0 104 0.535320 0.669372 0.109673 0.209425
0 105 0.345605 0.433099 0.098156 0.136053
0 106 0.471786 0.405070 0.070362 0.126043