0 92 0.740139 0.678977 0.049978 0.148242
0 93 0.525123 0.811842 0.226307 0.064663
0 94 0.239995 0.243243 0.092627 0.066053
0 95 0.389774 0.391652 0.094981 0.113651
0 96 0.433005 0.836331 0.078687 0.048712
0 97 0.452954 0.185265 0.092900 0.065840
0 98 0.088630 0.370958 0.059280 0.207828
0 99 0.120230 0.509174 0.085520 0.150129
0 100 0.694618 0.660346 0.123145 0.139781
0 101 0.771537 0.586365 0.087551 0.089433
0 102 0.476515 0.681994 0.088510 0.152421
0 103 0.280401 0.499901 0.054344 0.156572
0 104 0.524955 0.668579 0.111061 0.201054
0 105 0.296704 0.424616 0.060717 0.131606
0 106 0.380636 0.583292 0.077944 0.164527