0 92 0.710194 0.724662 0.159074 0.067317
0 93 0.501295 0.813773 0.207243 0.067114
0 94 0.190476 0.275308 0.110907 0.127047
0 95 0.385783 0.382182 0.095568 0.121394
0 96 0.437378 0.825029 0.087399 0.071812
0 97 0.463985 0.192646 0.111241 0.048214
0 98 0.071334 0.403040 0.045830 0.186392
0 99 0.100647 0.451445 0.050437 0.167871
0 100 0.640261 0.717297 0.163316 0.090079
0 101 0.754565 0.597098 0.130708 0.075715
0 102 0.423824 0.730575 0.155975 0.105962
0 103 0.297433 0.475357 0.082187 0.137342
0 104 0.532368 0.666306 0.120593 0.200148
0 105 0.280308 0.392567 0.077979 0.109610
0 106 0.319372 0.666787 0.126756 0.145079