0 93 0.497365 0.830849 0.122704 0.054953
0 94 0.164644 0.310447 0.081468 0.144344
0 95 0.370018 0.381007 0.103742 0.129706
0 96 0.403273 0.822401 0.118176 0.070344
0 97 0.464594 0.187402 0.113039 0.063650
0 98 0.078956 0.444000 0.072742 0.154744
0 99 0.104788 0.437895 0.052695 0.094098
0 100 0.615471 0.736171 0.192504 0.056414
0 101 0.747084 0.615020 0.164808 0.059963
0 102 0.353985 0.780749 0.182241 0.062121
0 103 0.282762 0.422491 0.080965 0.187678
0 104 0.546689 0.668670 0.131331 0.191934
0 105 0.250201 0.334575 0.076210 0.185699
0 106 0.244660 0.711584 0.159410 0.055540