0 92 0.703382 0.602285 0.105704 0.108311
0 93 0.549729 0.800112 0.219562 0.063768
0 94 0.249972 0.233573 0.133415 0.068107
0 95 0.402008 0.409949 0.119751 0.147659
0 96 0.413786 0.837955 0.097066 0.047290
0 97 0.447886 0.187032 0.091457 0.047175
0 98 0.109491 0.320860 0.061389 0.170482
0 99 0.154716 0.556684 0.117889 0.126626
0 100 0.729976 0.621575 0.073020 0.170882
0 101 0.788419 0.602584 0.090324 0.071681
0 102 0.510271 0.625233 0.069024 0.177845
0 103 0.292685 0.519949 0.085827 0.155374
0 104 0.533990 0.674384 0.102820 0.200020
0 105 0.317187 0.456864 0.133577 0.060001
0 106 0.412739 0.486658 0.099606 0.136555