0 92 0.678410 0.717555 0.161096 0.070762
0 93 0.479298 0.818805 0.205510 0.079042
0 94 0.182293 0.284572 0.094340 0.124302
0 95 0.374675 0.385349 0.100680 0.122465
0 96 0.428590 0.822575 0.071791 0.072127
0 97 0.463783 0.187351 0.113788 0.066051
0 98 0.067959 0.428321 0.043546 0.194548
0 99 0.095378 0.441283 0.035381 0.162602
0 100 0.631414 0.726992 0.142169 0.063933
0 101 0.745594 0.604786 0.173093 0.055743
0 102 0.403717 0.763103 0.144296 0.113153
0 103 0.290802 0.448282 0.079695 0.153293
0 104 0.539274 0.667937 0.116518 0.189544
0 105 0.278308 0.349778 0.079605 0.145245
0 106 0.297188 0.702998 0.146483 0.124284