0 92 0.685849 0.590517 0.096903 0.127765
0 93 0.555834 0.794502 0.220131 0.062413
0 94 0.257528 0.231567 0.144919 0.066076
0 95 0.397642 0.402105 0.099091 0.127272
0 96 0.401897 0.832534 0.091200 0.046083
0 97 0.437378 0.182095 0.068743 0.051814
0 98 0.118120 0.324312 0.058537 0.179205
0 99 0.163129 0.559470 0.133965 0.133693
0 100 0.730611 0.615202 0.057655 0.176788
0 101 0.787744 0.603494 0.090059 0.072814
0 102 0.516421 0.607534 0.060233 0.179407
0 103 0.293370 0.545152 0.107100 0.119616
0 104 0.538863 0.672064 0.111662 0.204463
0 105 0.322630 0.446716 0.117478 0.084786
0 106 0.432434 0.454243 0.082862 0.131669