0 92 0.697606 0.727718 0.161849 0.066998
0 93 0.487203 0.814288 0.198735 0.076031
0 94 0.184404 0.278484 0.100244 0.119368
0 95 0.376162 0.382919 0.100069 0.123573
0 96 0.429991 0.816546 0.070762 0.085065
0 97 0.459207 0.187211 0.112232 0.064404
0 98 0.070010 0.424316 0.048478 0.198040
0 99 0.104035 0.449563 0.045167 0.182174
0 100 0.623171 0.729099 0.155646 0.073267
0 101 0.744141 0.604312 0.169236 0.053419
0 102 0.413730 0.755537 0.131521 0.115229
0 103 0.292612 0.456617 0.082425 0.148423
0 104 0.537669 0.669462 0.114385 0.191629
0 105 0.278971 0.354100 0.077801 0.154424
0 106 0.299658 0.698167 0.146389 0.140434