0 92 0.726212 0.641900 0.112165 0.103132
0 93 0.536185 0.808827 0.232097 0.061996
0 94 0.248275 0.240911 0.118555 0.074580
0 95 0.382538 0.390034 0.107872 0.136133
0 96 0.420580 0.837920 0.098448 0.047703
0 97 0.451410 0.184241 0.088563 0.062508
0 98 0.098485 0.348896 0.056722 0.199919
0 99 0.150933 0.537138 0.093617 0.128002
0 100 0.715650 0.653390 0.096205 0.142741
0 101 0.763042 0.582297 0.125829 0.079309
0 102 0.507880 0.672864 0.051902 0.199064
0 103 0.283730 0.519726 0.054386 0.145878
0 104 0.534291 0.673415 0.088925 0.199400
0 105 0.317722 0.436641 0.089136 0.095144
0 106 0.408388 0.532500 0.071571 0.152941