0 92 0.642014 0.550108 0.058323 0.141700
0 93 0.568058 0.780485 0.231687 0.062720
0 94 0.282821 0.212812 0.101626 0.098615
0 95 0.385074 0.401701 0.101373 0.135616
0 96 0.389614 0.818966 0.053822 0.070366
0 97 0.424816 0.232994 0.087512 0.159124
0 98 0.136538 0.321078 0.093090 0.140097
0 99 0.200364 0.584803 0.089134 0.119771
0 100 0.736764 0.576941 0.069286 0.157739
0 101 0.795740 0.597363 0.054175 0.095925
0 102 0.531399 0.562769 0.068658 0.167677
0 103 0.310542 0.560394 0.143234 0.113676
0 104 0.535626 0.668152 0.111388 0.210952
0 105 0.345249 0.430454 0.090844 0.135251
0 106 0.472252 0.394709 0.075710 0.120366