0 92 0.692693 0.723607 0.180709 0.063174
0 93 0.496612 0.811277 0.205510 0.086570
0 94 0.186396 0.276965 0.104599 0.123581
0 95 0.384937 0.381165 0.095026 0.121830
0 96 0.428567 0.814214 0.077574 0.089831
0 97 0.458402 0.187546 0.111733 0.059851
0 98 0.070131 0.424276 0.045225 0.213176
0 99 0.103282 0.440906 0.043662 0.157332
0 100 0.635356 0.730438 0.174594 0.091380
0 101 0.754083 0.605488 0.141921 0.074165
0 102 0.414697 0.739803 0.143068 0.097482
0 103 0.293961 0.456220 0.083528 0.158950
0 104 0.534634 0.670474 0.114298 0.198237
0 105 0.277879 0.361369 0.076686 0.156342
0 106 0.316318 0.674028 0.120462 0.128295