0 92 0.686573 0.594182 0.093580 0.127806
0 93 0.555449 0.794896 0.217949 0.063164
0 94 0.254796 0.231266 0.140585 0.065967
0 95 0.397356 0.403353 0.101368 0.139710
0 96 0.398724 0.832845 0.086404 0.047114
0 97 0.436175 0.182687 0.073427 0.050504
0 98 0.116189 0.327188 0.058810 0.185784
0 99 0.161341 0.558722 0.132718 0.131465
0 100 0.731092 0.617044 0.056573 0.177065
0 101 0.789451 0.603620 0.087921 0.071829
0 102 0.515307 0.610878 0.062018 0.177836
0 103 0.293001 0.544509 0.103925 0.117581
0 104 0.538117 0.670118 0.110592 0.206845
0 105 0.320090 0.448105 0.117095 0.078228
0 106 0.433466 0.460719 0.078681 0.134386