0 92 0.637007 0.547425 0.049684 0.146040
0 93 0.571350 0.780691 0.225835 0.063656
0 94 0.292537 0.222037 0.105337 0.083934
0 95 0.384696 0.402374 0.104686 0.130033
0 96 0.391605 0.818324 0.059878 0.071898
0 97 0.426980 0.233514 0.097862 0.162602
0 98 0.137759 0.319311 0.095898 0.133177
0 99 0.210619 0.584871 0.078432 0.118591
0 100 0.737372 0.573616 0.071054 0.155200
0 101 0.796525 0.601053 0.056211 0.089649
0 102 0.534183 0.561612 0.073879 0.167369
0 103 0.318775 0.564203 0.131359 0.104048
0 104 0.535153 0.669297 0.110877 0.206888
0 105 0.347359 0.424279 0.084914 0.128312
0 106 0.470256 0.391625 0.079439 0.120852