0 77 0.711533 0.397998 0.085818 0.151310
0 78 0.096131 0.399880 0.124210 0.046673
0 79 0.282821 0.362617 0.109154 0.121198
0 80 0.330247 0.344550 0.133243 0.073020
0 81 0.436939 0.339627 0.061382 0.142969
0 82 0.457468 0.187594 0.107648 0.058717
0 83 0.493978 0.282069 0.066245 0.124210
0 84 0.579795 0.259485 0.078290 0.124210
0 85 0.607528 0.529902 0.063500 0.205524
0 86 0.492593 0.559722 0.148148 0.082407
0 87 0.467130 0.764815 0.102778 0.046296
0 88 0.343981 0.799537 0.136111 0.056481
0 89 0.203858 0.515861 0.066840 0.183574
0 90 0.221106 0.513585 0.126727 0.065422
0 91 0.195370 0.579167 0.148148 0.082407