0 77 0.749925 0.258732 0.130985 0.095604
0 78 0.081015 0.363885 0.073141 0.062955
0 79 0.342668 0.427654 0.061728 0.152221
0 80 0.310185 0.330093 0.116667 0.080556
0 81 0.458345 0.353899 0.155578 0.063354
0 82 0.447685 0.209722 0.132407 0.119444
0 83 0.444294 0.382565 0.100873 0.088829
0 84 0.559259 0.172685 0.068519 0.137963
0 85 0.608676 0.577394 0.062278 0.204472
0 86 0.559925 0.547862 0.115334 0.074646
0 87 0.463426 0.762037 0.063889 0.037037
0 88 0.257407 0.775926 0.053704 0.057407
0 89 0.195833 0.344907 0.076852 0.130556
0 90 0.120973 0.452951 0.051942 0.166366
0 91 0.097636 0.461984 0.066998 0.118187