0 77 0.733363 0.272282 0.093345 0.083559
0 78 0.067148 0.400256 0.042156 0.173893
0 79 0.323261 0.394181 0.085486 0.142382
0 80 0.314815 0.339280 0.124962 0.080548
0 81 0.437895 0.352830 0.106143 0.116682
0 82 0.457844 0.188723 0.126468 0.070009
0 83 0.477793 0.331752 0.085065 0.103132
0 84 0.582407 0.210648 0.057407 0.152778
0 85 0.615278 0.566204 0.062037 0.182407
0 86 0.528241 0.543519 0.143519 0.061111
0 87 0.433333 0.772222 0.109259 0.044444
0 88 0.281481 0.793056 0.090741 0.060185
0 89 0.189815 0.420370 0.051852 0.153704
0 90 0.156019 0.481481 0.110185 0.100000
0 91 0.119843 0.534628 0.078290 0.140018