0 77 0.764604 0.262873 0.115176 0.084312
0 78 0.087037 0.365278 0.059259 0.069444
0 79 0.344173 0.434508 0.069256 0.147546
0 80 0.302443 0.334771 0.103034 0.088061
0 81 0.439024 0.346432 0.123457 0.064740
0 82 0.474537 0.211574 0.080556 0.125000
0 83 0.445799 0.389717 0.121951 0.062481
0 84 0.557870 0.170370 0.071296 0.133333
0 85 0.607633 0.571921 0.066215 0.219121
0 86 0.558341 0.553448 0.103132 0.072267
0 87 0.459726 0.760464 0.060976 0.043662
0 88 0.256850 0.781165 0.075279 0.053448
0 89 0.199537 0.337500 0.080556 0.128704
0 90 0.122478 0.447305 0.050437 0.149051
0 91 0.101777 0.484192 0.075279 0.147546