0 77 0.765733 0.229750 0.085818 0.081301
0 78 0.105164 0.364875 0.070009 0.065492
0 79 0.355465 0.448434 0.082806 0.164860
0 80 0.306534 0.327236 0.106896 0.092593
0 81 0.437519 0.344926 0.135501 0.097862
0 82 0.465372 0.213565 0.114423 0.142276
0 83 0.409289 0.401762 0.107648 0.054953
0 84 0.539521 0.140921 0.106143 0.076784
0 85 0.609922 0.584282 0.054231 0.209214
0 86 0.576408 0.539145 0.113671 0.081301
0 87 0.458333 0.760648 0.074074 0.039815
0 88 0.254216 0.780789 0.053448 0.073773
0 89 0.195875 0.303523 0.057212 0.153568
0 90 0.128877 0.419828 0.063234 0.083559
0 91 0.116456 0.450693 0.071515 0.104637