0 77 0.723895 0.402031 0.106209 0.151587
0 78 0.090861 0.399503 0.128726 0.051942
0 79 0.273412 0.362993 0.106896 0.112918
0 80 0.335516 0.341162 0.122704 0.072267
0 81 0.437895 0.338528 0.070009 0.119693
0 82 0.453327 0.184583 0.112918 0.049684
0 83 0.488332 0.284327 0.063987 0.122704
0 84 0.574526 0.268519 0.067751 0.140771
0 85 0.604411 0.518869 0.060674 0.204855
0 86 0.492593 0.560185 0.146296 0.083333
0 87 0.467130 0.764815 0.102778 0.046296
0 88 0.344907 0.800926 0.136111 0.059259
0 89 0.213565 0.513550 0.065492 0.162602
0 90 0.218458 0.518443 0.135501 0.070009
0 91 0.204630 0.581481 0.162963 0.081481