0 77 0.750678 0.257980 0.133996 0.089581
0 78 0.076389 0.369444 0.069444 0.083333
0 79 0.341162 0.431873 0.075279 0.139265
0 80 0.309304 0.332803 0.114905 0.085976
0 81 0.448152 0.354709 0.127785 0.055714
0 82 0.449074 0.208796 0.127778 0.115741
0 83 0.440154 0.375790 0.100120 0.085818
0 84 0.562037 0.173148 0.062963 0.133333
0 85 0.609429 0.564047 0.060772 0.227462
0 86 0.551935 0.541377 0.129464 0.085765
0 87 0.466204 0.762500 0.062037 0.037963
0 88 0.271296 0.772685 0.079630 0.052778
0 89 0.191667 0.346296 0.074074 0.125926
0 90 0.119467 0.462737 0.042909 0.176905
0 91 0.111939 0.487955 0.059470 0.133996