0 77 0.702499 0.373156 0.054201 0.173893
0 78 0.084839 0.391599 0.101626 0.061728
0 79 0.285080 0.364122 0.098615 0.140771
0 80 0.328365 0.344926 0.123457 0.082806
0 81 0.441659 0.342291 0.063987 0.131737
0 82 0.455962 0.184583 0.110659 0.052695
0 83 0.485321 0.297124 0.045920 0.119693
0 84 0.586570 0.236149 0.073773 0.110659
0 85 0.607870 0.537037 0.065741 0.198148
0 86 0.513614 0.557818 0.119068 0.102672
0 87 0.459726 0.761593 0.104637 0.051942
0 88 0.332407 0.806944 0.124074 0.052778
0 89 0.207916 0.490707 0.061736 0.167638
0 90 0.208296 0.509033 0.128726 0.099368
0 91 0.178704 0.577315 0.157407 0.099074