0 77 0.723954 0.260991 0.179916 0.083559
0 78 0.072222 0.375926 0.072222 0.098148
0 79 0.329494 0.418699 0.089581 0.147546
0 80 0.308668 0.324609 0.119188 0.067736
0 81 0.455209 0.359229 0.142276 0.048178
0 82 0.442416 0.207697 0.132407 0.112037
0 83 0.448058 0.376543 0.093345 0.081301
0 84 0.567593 0.176852 0.064815 0.135185
0 85 0.609052 0.569143 0.061525 0.213565
0 86 0.547535 0.540278 0.132709 0.080556
0 87 0.448148 0.763889 0.101852 0.040741
0 88 0.272685 0.775926 0.082407 0.057407
0 89 0.188426 0.341204 0.067593 0.095370
0 90 0.129630 0.449187 0.060223 0.133243
0 91 0.111939 0.497365 0.054953 0.160343