0 77 0.713038 0.399503 0.082806 0.148299
0 78 0.086344 0.391975 0.119693 0.044414
0 79 0.282069 0.360358 0.106143 0.122704
0 80 0.329118 0.342668 0.121951 0.079795
0 81 0.438272 0.338904 0.066245 0.150557
0 82 0.458597 0.189476 0.106896 0.051942
0 83 0.490214 0.283574 0.054201 0.116682
0 84 0.575655 0.253086 0.079042 0.120446
0 85 0.607407 0.535648 0.064815 0.189815
0 86 0.487461 0.560185 0.149074 0.083333
0 87 0.467593 0.763889 0.105556 0.046296
0 88 0.343981 0.798148 0.136111 0.055556
0 89 0.209997 0.510332 0.072629 0.181083
0 90 0.221846 0.515808 0.133243 0.069256
0 91 0.193519 0.576852 0.146296 0.081481