0 77 0.715673 0.335140 0.054953 0.150557
0 78 0.076558 0.385577 0.086570 0.130985
0 79 0.305029 0.379554 0.082806 0.130985
0 80 0.327236 0.345303 0.131737 0.086570
0 81 0.435351 0.337572 0.079615 0.143375
0 82 0.454833 0.188347 0.143029 0.054201
0 83 0.484192 0.318579 0.039145 0.102379
0 84 0.600120 0.232761 0.054201 0.124962
0 85 0.610185 0.554630 0.062963 0.192593
0 86 0.517130 0.545370 0.143519 0.062963
0 87 0.440647 0.761360 0.072034 0.043948
0 88 0.317130 0.807407 0.132407 0.057407
0 89 0.201852 0.461574 0.077778 0.167593
0 90 0.169907 0.496296 0.102778 0.096296
0 91 0.142051 0.551566 0.109154 0.125715