0 77 0.741644 0.265884 0.121951 0.070762
0 78 0.067901 0.404396 0.055706 0.186691
0 79 0.329494 0.405902 0.071515 0.120446
0 80 0.314228 0.335637 0.132159 0.071274
0 81 0.435787 0.353677 0.101325 0.121010
0 82 0.459350 0.195122 0.121951 0.061728
0 83 0.484192 0.335516 0.075279 0.088076
0 84 0.581481 0.212037 0.059259 0.161111
0 85 0.614352 0.567130 0.062037 0.186111
0 86 0.526664 0.540135 0.146673 0.069731
0 87 0.435648 0.769907 0.113889 0.039815
0 88 0.291478 0.801867 0.118940 0.076784
0 89 0.189352 0.415278 0.050926 0.160185
0 90 0.151389 0.474074 0.102778 0.096296
0 91 0.120220 0.535005 0.082054 0.152815