0 77 0.721695 0.407407 0.107648 0.141524
0 78 0.091238 0.398374 0.109907 0.063234
0 79 0.263170 0.362620 0.131896 0.119685
0 80 0.330623 0.347561 0.114423 0.074526
0 81 0.438426 0.344907 0.058333 0.126852
0 82 0.456338 0.188723 0.096357 0.051942
0 83 0.493978 0.280187 0.063234 0.106896
0 84 0.566998 0.271530 0.090334 0.133243
0 85 0.605093 0.518981 0.067593 0.193519
0 86 0.489815 0.559259 0.138889 0.081481
0 87 0.465741 0.762963 0.098148 0.042593
0 88 0.346759 0.799074 0.130556 0.053704
0 89 0.216200 0.520702 0.063234 0.163354
0 90 0.231632 0.519196 0.146793 0.059470
0 91 0.208296 0.591087 0.167871 0.082806