0 77 0.711533 0.329118 0.049684 0.147546
0 78 0.084839 0.384447 0.098615 0.127221
0 79 0.311303 0.380168 0.065741 0.126746
0 80 0.326859 0.345679 0.147546 0.088829
0 81 0.434888 0.343594 0.079035 0.131331
0 82 0.457091 0.186465 0.132490 0.051942
0 83 0.479675 0.312180 0.066245 0.104637
0 84 0.590278 0.225463 0.056481 0.130556
0 85 0.610648 0.558333 0.063889 0.185185
0 86 0.517593 0.544907 0.144444 0.062037
0 87 0.437963 0.762500 0.075926 0.043519
0 88 0.312180 0.806760 0.134749 0.056459
0 89 0.202315 0.455556 0.073148 0.157407
0 90 0.165278 0.495370 0.100926 0.094444
0 91 0.139792 0.543662 0.112165 0.112918