0 77 0.751389 0.443056 0.115741 0.099074
0 78 0.088603 0.414935 0.077537 0.102379
0 79 0.244053 0.356594 0.143029 0.089581
0 80 0.349819 0.348690 0.127221 0.069256
0 81 0.436390 0.331376 0.045920 0.137007
0 82 0.451822 0.193240 0.085818 0.060976
0 83 0.517690 0.262120 0.088076 0.078290
0 84 0.542156 0.330247 0.079795 0.148299
0 85 0.624210 0.512421 0.118940 0.136254
0 86 0.464995 0.559846 0.142276 0.079042
0 87 0.479675 0.750301 0.096357 0.051942
0 88 0.372403 0.809395 0.130232 0.070762
0 89 0.235396 0.539521 0.095604 0.130232
0 90 0.276046 0.545544 0.134749 0.073020
0 91 0.235772 0.598615 0.159590 0.063234