0 77 0.728847 0.272282 0.105390 0.062481
0 78 0.070833 0.402315 0.045370 0.165741
0 79 0.323472 0.406278 0.077537 0.110659
0 80 0.311043 0.336100 0.129494 0.070348
0 81 0.441143 0.350407 0.102657 0.123035
0 82 0.460185 0.196296 0.114815 0.074074
0 83 0.487203 0.351325 0.073773 0.076031
0 84 0.578241 0.205556 0.067593 0.153704
0 85 0.611574 0.565741 0.065741 0.190741
0 86 0.550463 0.548611 0.097222 0.056481
0 87 0.435185 0.772685 0.116667 0.047222
0 88 0.286111 0.792593 0.118519 0.074074
0 89 0.190278 0.405556 0.054630 0.159259
0 90 0.149955 0.469512 0.112918 0.107648
0 91 0.116079 0.522584 0.078290 0.152063