0 77 0.722448 0.255345 0.160343 0.067751
0 78 0.073611 0.401852 0.058333 0.142593
0 79 0.332788 0.403591 0.073961 0.159696
0 80 0.305556 0.334722 0.120370 0.073148
0 81 0.433755 0.341915 0.099368 0.091840
0 82 0.463889 0.199537 0.109259 0.095370
0 83 0.462361 0.368639 0.103884 0.094098
0 84 0.580093 0.193519 0.071296 0.150000
0 85 0.607870 0.570370 0.065741 0.196296
0 86 0.534335 0.541949 0.142442 0.056120
0 87 0.431019 0.769907 0.113889 0.052778
0 88 0.268981 0.787037 0.080556 0.072222
0 89 0.190278 0.371296 0.052778 0.138889
0 90 0.123205 0.451679 0.039815 0.107407
0 91 0.109681 0.499247 0.056459 0.170129