0 77 0.737037 0.431019 0.105556 0.125000
0 78 0.091614 0.421334 0.095604 0.109154
0 79 0.256335 0.354513 0.130510 0.099767
0 80 0.344550 0.349067 0.133243 0.062481
0 81 0.435637 0.332505 0.051942 0.124210
0 82 0.454080 0.186841 0.096357 0.054201
0 83 0.513174 0.268895 0.077537 0.105390
0 84 0.554630 0.299537 0.064815 0.128704
0 85 0.604167 0.515278 0.071296 0.169444
0 86 0.486574 0.561574 0.112037 0.067593
0 87 0.481481 0.749537 0.101852 0.049074
0 88 0.368056 0.808333 0.139815 0.066667
0 89 0.230894 0.528214 0.077507 0.142307
0 90 0.240289 0.528229 0.140018 0.042909
0 91 0.228621 0.588829 0.167871 0.072267