0 77 0.759711 0.260238 0.126468 0.088076
0 78 0.082957 0.357724 0.069256 0.063234
0 79 0.349134 0.431794 0.067133 0.149962
0 80 0.309391 0.327620 0.113226 0.073758
0 81 0.448095 0.353436 0.136932 0.064280
0 82 0.480556 0.212037 0.066667 0.118519
0 83 0.443917 0.388211 0.119693 0.089581
0 84 0.559259 0.172685 0.068519 0.137963
0 85 0.611431 0.572305 0.055668 0.221244
0 86 0.560501 0.553470 0.101822 0.066200
0 87 0.452951 0.759711 0.082054 0.049684
0 88 0.256019 0.775463 0.054630 0.056481
0 89 0.198611 0.340741 0.080556 0.129630
0 90 0.124360 0.449187 0.057212 0.155827
0 91 0.106293 0.486073 0.064740 0.160343