0 77 0.709651 0.342291 0.047425 0.160343
0 78 0.081828 0.386706 0.092593 0.110659
0 79 0.303139 0.373769 0.077552 0.132016
0 80 0.334764 0.343421 0.133243 0.075279
0 81 0.434308 0.344535 0.074172 0.148329
0 82 0.458597 0.184583 0.129479 0.042156
0 83 0.486450 0.313309 0.046673 0.112918
0 84 0.589581 0.221846 0.070762 0.106143
0 85 0.608796 0.545833 0.063889 0.200926
0 86 0.521296 0.543056 0.127778 0.063889
0 87 0.439815 0.764352 0.070370 0.039815
0 88 0.323472 0.804502 0.133243 0.053448
0 89 0.204630 0.466204 0.068519 0.162037
0 90 0.180093 0.499074 0.110185 0.098148
0 91 0.149578 0.551566 0.116682 0.121198