0 77 0.766110 0.264002 0.094098 0.094098
0 78 0.083333 0.356971 0.080548 0.058717
0 79 0.343421 0.435260 0.081301 0.167118
0 80 0.308416 0.331376 0.122704 0.094851
0 81 0.444294 0.347561 0.143029 0.089581
0 82 0.477315 0.213426 0.076852 0.134259
0 83 0.426227 0.393481 0.106896 0.070009
0 84 0.551189 0.158988 0.085818 0.114423
0 85 0.609805 0.573020 0.060020 0.224330
0 86 0.545167 0.549684 0.120446 0.073773
0 87 0.461232 0.760087 0.063987 0.053448
0 88 0.250828 0.768744 0.063234 0.064740
0 89 0.190982 0.316320 0.059470 0.133996
0 90 0.120596 0.409666 0.048178 0.091840
0 91 0.111939 0.465748 0.082054 0.124210