0 77 0.705612 0.354724 0.044964 0.153546
0 78 0.076935 0.381060 0.109907 0.090334
0 79 0.292231 0.372403 0.099368 0.154321
0 80 0.336646 0.346808 0.120446 0.079042
0 81 0.434451 0.340090 0.063347 0.143895
0 82 0.457844 0.186841 0.130985 0.054201
0 83 0.486826 0.311804 0.042909 0.111412
0 84 0.586570 0.234267 0.064740 0.123457
0 85 0.609259 0.544907 0.062963 0.197222
0 86 0.509907 0.557614 0.135742 0.098562
0 87 0.453583 0.757332 0.062722 0.070521
0 88 0.325926 0.804167 0.118519 0.056481
0 89 0.205556 0.471759 0.068519 0.149074
0 90 0.188426 0.501852 0.102778 0.090741
0 91 0.155224 0.565492 0.133996 0.105390