0 77 0.728470 0.419828 0.100120 0.143782
0 78 0.091238 0.405902 0.103884 0.081301
0 79 0.266987 0.360708 0.124262 0.108454
0 80 0.334764 0.339657 0.113671 0.058717
0 81 0.434884 0.333258 0.066998 0.133243
0 82 0.448434 0.187970 0.113671 0.057964
0 83 0.494354 0.277552 0.074526 0.092593
0 84 0.566245 0.277928 0.079795 0.126468
0 85 0.603132 0.513927 0.079795 0.182927
0 86 0.489461 0.559846 0.129479 0.074526
0 87 0.471394 0.757829 0.111412 0.047425
0 88 0.363746 0.798103 0.146040 0.064740
0 89 0.222975 0.524089 0.067751 0.159590
0 90 0.227868 0.525971 0.146793 0.048931
0 91 0.213189 0.587699 0.165613 0.076031