0 77 0.729600 0.262873 0.167118 0.066245
0 78 0.074074 0.381019 0.068519 0.106481
0 79 0.330123 0.412308 0.091335 0.176889
0 80 0.312809 0.326953 0.127469 0.070574
0 81 0.445423 0.359229 0.137760 0.054201
0 82 0.449074 0.206481 0.135185 0.111111
0 83 0.449940 0.376920 0.097109 0.080548
0 84 0.571759 0.181019 0.069444 0.139815
0 85 0.614533 0.570886 0.061510 0.210531
0 86 0.546405 0.541697 0.134967 0.075866
0 87 0.445833 0.763889 0.106481 0.040741
0 88 0.272222 0.775926 0.081481 0.057407
0 89 0.185648 0.358333 0.069444 0.120370
0 90 0.123607 0.449187 0.049684 0.131737
0 91 0.107046 0.489837 0.061728 0.155827