0 77 0.729223 0.278305 0.074526 0.101626
0 78 0.073924 0.399503 0.058717 0.160343
0 79 0.320461 0.394234 0.077537 0.134749
0 80 0.310927 0.335001 0.123705 0.075557
0 81 0.439435 0.361296 0.095536 0.135885
0 82 0.460102 0.189100 0.115929 0.048178
0 83 0.478546 0.335893 0.070009 0.124962
0 84 0.590334 0.209425 0.057212 0.147546
0 85 0.614815 0.559722 0.062963 0.199074
0 86 0.515432 0.541403 0.158838 0.064740
0 87 0.433755 0.770250 0.100873 0.046673
0 88 0.294490 0.802996 0.106896 0.077537
0 89 0.190982 0.418699 0.063987 0.140018
0 90 0.157483 0.485321 0.108401 0.094098
0 91 0.122855 0.541403 0.081301 0.146040