0 77 0.727718 0.255721 0.151310 0.077537
0 78 0.075000 0.387500 0.062963 0.123148
0 79 0.337398 0.414559 0.079795 0.149804
0 80 0.308793 0.334011 0.117435 0.082054
0 81 0.445517 0.360091 0.122516 0.047960
0 82 0.468981 0.203704 0.099074 0.103704
0 83 0.457468 0.378425 0.101626 0.085065
0 84 0.576852 0.186574 0.072222 0.145370
0 85 0.607170 0.575166 0.065289 0.201521
0 86 0.549910 0.543955 0.122403 0.071349
0 87 0.441667 0.764815 0.116667 0.042593
0 88 0.269444 0.777778 0.075926 0.051852
0 89 0.181944 0.350926 0.063889 0.100000
0 90 0.122855 0.447305 0.046673 0.120446
0 91 0.105540 0.489085 0.063234 0.169377