0 77 0.734116 0.265131 0.090334 0.075279
0 78 0.066772 0.398750 0.035381 0.164860
0 79 0.318455 0.391923 0.081549 0.146899
0 80 0.314062 0.338151 0.118940 0.072267
0 81 0.438885 0.353583 0.098141 0.131737
0 82 0.456715 0.187970 0.121198 0.059470
0 83 0.487579 0.333634 0.082054 0.099368
0 84 0.583796 0.209722 0.056481 0.147222
0 85 0.615278 0.565278 0.062037 0.182407
0 86 0.522207 0.544038 0.146793 0.059470
0 87 0.435648 0.772685 0.100926 0.045370
0 88 0.285456 0.806007 0.115929 0.082054
0 89 0.195498 0.417194 0.041403 0.141524
0 90 0.155556 0.481481 0.109259 0.100000
0 91 0.117209 0.534628 0.077537 0.137007