0 77 0.769497 0.256098 0.072267 0.084312
0 78 0.090861 0.356218 0.065492 0.054201
0 79 0.351325 0.442036 0.074526 0.156579
0 80 0.309922 0.337022 0.124210 0.088076
0 81 0.442788 0.346808 0.126468 0.082054
0 82 0.466877 0.207543 0.091840 0.134749
0 83 0.419076 0.404396 0.118187 0.058717
0 84 0.550060 0.161623 0.085065 0.112165
0 85 0.610181 0.575858 0.059267 0.214950
0 86 0.546296 0.550060 0.130232 0.077537
0 87 0.463114 0.755571 0.067751 0.051942
0 88 0.251204 0.766110 0.059470 0.066998
0 89 0.194746 0.317450 0.047425 0.143782
0 90 0.123984 0.418699 0.054953 0.097862
0 91 0.118714 0.469512 0.076031 0.118187