0 77 0.759335 0.229750 0.086570 0.084312
0 78 0.096131 0.363746 0.062481 0.049684
0 79 0.350572 0.448058 0.073020 0.159590
0 80 0.306534 0.329494 0.097862 0.085065
0 81 0.436111 0.344444 0.120370 0.088889
0 82 0.457844 0.213942 0.127974 0.143029
0 83 0.421710 0.402891 0.130985 0.060223
0 84 0.534628 0.151084 0.093345 0.098615
0 85 0.610934 0.583936 0.057761 0.202499
0 86 0.565116 0.545544 0.116682 0.071515
0 87 0.460185 0.759722 0.072222 0.041667
0 88 0.247685 0.776852 0.041667 0.075926
0 89 0.194369 0.306158 0.049684 0.143782
0 90 0.123607 0.440530 0.051189 0.130985
0 91 0.108928 0.466125 0.079042 0.130985