0 77 0.729600 0.416064 0.102379 0.151310
0 78 0.088979 0.406655 0.117435 0.069256
0 79 0.256474 0.362240 0.130232 0.111412
0 80 0.334764 0.343044 0.121198 0.066998
0 81 0.435637 0.338151 0.060976 0.129479
0 82 0.456338 0.188347 0.103884 0.049684
0 83 0.495107 0.279810 0.062481 0.106143
0 84 0.568503 0.274541 0.072267 0.124210
0 85 0.606944 0.517130 0.071296 0.193519
0 86 0.485321 0.562105 0.140771 0.082054
0 87 0.466877 0.756700 0.096357 0.054201
0 88 0.354712 0.799609 0.144535 0.072267
0 89 0.219964 0.521454 0.072267 0.167871
0 90 0.226739 0.523336 0.137007 0.051189
0 91 0.213189 0.586570 0.161096 0.078290