0 77 0.703252 0.373532 0.045167 0.165613
0 78 0.082204 0.393481 0.105390 0.074526
0 79 0.280939 0.364875 0.105390 0.136254
0 80 0.328741 0.343421 0.130232 0.079795
0 81 0.434508 0.335893 0.055706 0.152063
0 82 0.457091 0.187970 0.115929 0.050437
0 83 0.487203 0.298254 0.042156 0.126468
0 84 0.578290 0.236149 0.088829 0.113671
0 85 0.608333 0.537500 0.062963 0.200926
0 86 0.510603 0.559989 0.125090 0.108868
0 87 0.462880 0.763674 0.099834 0.048577
0 88 0.327778 0.804630 0.112963 0.048148
0 89 0.206613 0.483382 0.073374 0.156692
0 90 0.190741 0.502315 0.101852 0.100926
0 91 0.180443 0.576784 0.170882 0.112918