0 77 0.722448 0.295242 0.085065 0.137007
0 78 0.074676 0.393857 0.063234 0.144535
0 79 0.321842 0.390793 0.071763 0.141629
0 80 0.306158 0.335516 0.118187 0.066998
0 81 0.436390 0.348314 0.095604 0.118187
0 82 0.454080 0.186841 0.150557 0.055706
0 83 0.483062 0.322343 0.051942 0.088829
0 84 0.585648 0.207407 0.056481 0.137037
0 85 0.614352 0.560648 0.062037 0.193519
0 86 0.521308 0.542122 0.155533 0.052763
0 87 0.435648 0.772685 0.091667 0.045370
0 88 0.285648 0.802778 0.091667 0.072222
0 89 0.193519 0.434722 0.070370 0.173148
0 90 0.158796 0.482407 0.104630 0.096296
0 91 0.128124 0.543285 0.100873 0.149804