0 77 0.725836 0.257227 0.118940 0.065492
0 78 0.070197 0.396586 0.055556 0.145370
0 79 0.332882 0.410042 0.055706 0.128726
0 80 0.313426 0.337500 0.136111 0.075000
0 81 0.438742 0.333145 0.108966 0.130006
0 82 0.456019 0.196296 0.121296 0.085185
0 83 0.483062 0.346055 0.054953 0.086570
0 84 0.580093 0.199537 0.065741 0.154630
0 85 0.609259 0.566667 0.061111 0.194444
0 86 0.544817 0.549070 0.112218 0.062955
0 87 0.443981 0.771759 0.102778 0.049074
0 88 0.282995 0.788731 0.117841 0.077462
0 89 0.187037 0.397685 0.048148 0.171296
0 90 0.147696 0.459350 0.093345 0.108401
0 91 0.114198 0.517690 0.076031 0.127221