0 77 0.727718 0.265884 0.115176 0.069256
0 78 0.058868 0.406278 0.042156 0.187444
0 79 0.329494 0.401762 0.062481 0.124210
0 80 0.315357 0.339604 0.134417 0.082912
0 81 0.435121 0.351043 0.099646 0.111224
0 82 0.449563 0.189852 0.137007 0.070762
0 83 0.483439 0.334764 0.084312 0.092593
0 84 0.581944 0.208333 0.058333 0.151852
0 85 0.614352 0.566204 0.062037 0.186111
0 86 0.533796 0.544907 0.130556 0.060185
0 87 0.435185 0.770370 0.112963 0.042593
0 88 0.284722 0.798148 0.099074 0.070370
0 89 0.189815 0.412963 0.050000 0.148148
0 90 0.154630 0.478241 0.107407 0.097222
0 91 0.124360 0.536134 0.085818 0.153568