0 77 0.700233 0.368040 0.052710 0.167562
0 78 0.079569 0.388588 0.100120 0.072267
0 79 0.291204 0.368056 0.102778 0.145370
0 80 0.327115 0.346409 0.147034 0.088874
0 81 0.432249 0.338528 0.069256 0.137760
0 82 0.460855 0.188723 0.117435 0.060976
0 83 0.489837 0.301641 0.054953 0.095604
0 84 0.583183 0.226739 0.082054 0.130985
0 85 0.608796 0.537963 0.063889 0.201852
0 86 0.509271 0.559873 0.131459 0.103079
0 87 0.450113 0.764107 0.081707 0.056971
0 88 0.324537 0.802778 0.110185 0.051852
0 89 0.208333 0.475000 0.062963 0.146296
0 90 0.189352 0.501389 0.100926 0.097222
0 91 0.172222 0.576389 0.159259 0.115741