0 77 0.758205 0.263625 0.121951 0.105390
0 78 0.080322 0.359982 0.065492 0.060223
0 79 0.343421 0.431120 0.067751 0.151310
0 80 0.306960 0.329791 0.112067 0.079953
0 81 0.452612 0.354769 0.145965 0.070649
0 82 0.457468 0.206414 0.113671 0.123457
0 83 0.440154 0.384071 0.110659 0.075279
0 84 0.562481 0.170656 0.075279 0.136254
0 85 0.611774 0.571372 0.057934 0.216516
0 86 0.556459 0.553824 0.112918 0.065492
0 87 0.461608 0.760840 0.067751 0.048931
0 88 0.257603 0.776272 0.064740 0.060223
0 89 0.198133 0.332882 0.078290 0.138512
0 90 0.120596 0.446929 0.043662 0.140771
0 91 0.105917 0.472147 0.066998 0.123457