0 77 0.741644 0.255345 0.149051 0.099368
0 78 0.077311 0.368639 0.068503 0.088076
0 79 0.337022 0.423969 0.083559 0.138512
0 80 0.312519 0.326780 0.125038 0.073931
0 81 0.453508 0.360151 0.136646 0.062895
0 82 0.447685 0.207407 0.130556 0.114815
0 83 0.442036 0.376543 0.093345 0.087323
0 84 0.563889 0.176852 0.062963 0.138889
0 85 0.610934 0.568767 0.057761 0.214318
0 86 0.553544 0.541571 0.122797 0.098851
0 87 0.449074 0.762500 0.096296 0.039815
0 88 0.271296 0.774537 0.081481 0.056481
0 89 0.192593 0.352778 0.068519 0.135185
0 90 0.123607 0.445047 0.055706 0.141524
0 91 0.108175 0.483062 0.060976 0.136254