0 77 0.711909 0.347561 0.053448 0.148299
0 78 0.083333 0.384447 0.089581 0.106143
0 79 0.298611 0.369907 0.106481 0.149074
0 80 0.326859 0.345679 0.149051 0.090334
0 81 0.432249 0.336646 0.076784 0.133996
0 82 0.464619 0.186089 0.112918 0.057212
0 83 0.486495 0.311326 0.040560 0.116885
0 84 0.586111 0.220370 0.068519 0.109259
0 85 0.609259 0.545833 0.062963 0.200926
0 86 0.512308 0.551475 0.142051 0.080729
0 87 0.438889 0.764815 0.072222 0.042593
0 88 0.324601 0.804125 0.146040 0.057212
0 89 0.204167 0.467593 0.067593 0.161111
0 90 0.181944 0.499537 0.110185 0.097222
0 91 0.151084 0.552319 0.119693 0.109154