0 77 0.729976 0.260614 0.154321 0.072267
0 78 0.073547 0.384071 0.068503 0.118940
0 79 0.329118 0.419076 0.078290 0.146793
0 80 0.307663 0.332129 0.118187 0.072267
0 81 0.449940 0.357724 0.131737 0.054201
0 82 0.450463 0.205556 0.134259 0.111111
0 83 0.455586 0.376543 0.102379 0.075279
0 84 0.574074 0.182870 0.072222 0.141667
0 85 0.609146 0.573811 0.067766 0.206188
0 86 0.544956 0.542148 0.131406 0.078305
0 87 0.445833 0.763889 0.106481 0.040741
0 88 0.271296 0.774537 0.081481 0.054630
0 89 0.182870 0.359259 0.065741 0.116667
0 90 0.128500 0.446552 0.048931 0.123457
0 91 0.103282 0.491719 0.055706 0.149051