0 77 0.706640 0.390470 0.070009 0.170882
0 78 0.080699 0.394234 0.093345 0.066998
0 79 0.291204 0.366667 0.104630 0.133333
0 80 0.327612 0.344550 0.115929 0.080548
0 81 0.437519 0.341377 0.052695 0.159161
0 82 0.459350 0.189476 0.132490 0.054953
0 83 0.485321 0.292608 0.039898 0.118187
0 84 0.576784 0.243300 0.066245 0.114423
0 85 0.607407 0.535648 0.066667 0.200926
0 86 0.514815 0.556481 0.112963 0.098148
0 87 0.467130 0.760648 0.100926 0.045370
0 88 0.345084 0.798276 0.145724 0.037293
0 89 0.217845 0.493658 0.065967 0.172275
0 90 0.206019 0.513426 0.115741 0.086111
0 91 0.184259 0.578241 0.153704 0.093519