0 77 0.709274 0.299006 0.069256 0.140018
0 78 0.078440 0.391223 0.078290 0.152815
0 79 0.320799 0.395310 0.076859 0.137112
0 80 0.307663 0.340410 0.125715 0.073773
0 81 0.440353 0.350369 0.097508 0.122298
0 82 0.453704 0.187970 0.142276 0.068503
0 83 0.472523 0.330247 0.083559 0.113671
0 84 0.586574 0.211111 0.060185 0.138889
0 85 0.613889 0.559722 0.062963 0.195370
0 86 0.529630 0.544907 0.137037 0.058333
0 87 0.436111 0.772222 0.088889 0.044444
0 88 0.308439 0.804389 0.131692 0.071740
0 89 0.193519 0.437500 0.070370 0.173148
0 90 0.157870 0.484722 0.104630 0.095370
0 91 0.134523 0.546296 0.112165 0.151310