0 77 0.721695 0.254592 0.140771 0.060223
0 78 0.069444 0.398148 0.059259 0.146296
0 79 0.334293 0.405936 0.058905 0.148984
0 80 0.307407 0.336574 0.125926 0.075000
0 81 0.431794 0.345047 0.098773 0.090093
0 82 0.458333 0.197222 0.118519 0.090741
0 83 0.461984 0.361488 0.101626 0.102379
0 84 0.580556 0.197685 0.066667 0.154630
0 85 0.609052 0.564514 0.061525 0.204306
0 86 0.536999 0.546213 0.129705 0.066832
0 87 0.442130 0.773148 0.112037 0.055556
0 88 0.264352 0.783796 0.080556 0.073148
0 89 0.190278 0.387500 0.054630 0.156481
0 90 0.134899 0.458973 0.066245 0.110659
0 91 0.110434 0.509786 0.076031 0.167118