0 77 0.727718 0.410042 0.101626 0.143782
0 78 0.096883 0.396492 0.127221 0.050437
0 79 0.271631 0.358740 0.114973 0.119919
0 80 0.338528 0.345303 0.128726 0.073020
0 81 0.431873 0.338528 0.076031 0.131737
0 82 0.448811 0.189100 0.121951 0.060223
0 83 0.492472 0.282069 0.070762 0.118187
0 84 0.571891 0.272282 0.077537 0.136254
0 85 0.606019 0.521759 0.067593 0.199074
0 86 0.491204 0.558333 0.141667 0.081481
0 87 0.466667 0.764815 0.101852 0.042593
0 88 0.346759 0.800463 0.134259 0.056481
0 89 0.237026 0.524488 0.101874 0.193421
0 90 0.219907 0.514352 0.128704 0.058333
0 91 0.204155 0.584312 0.161096 0.081301