0 77 0.729976 0.418323 0.098615 0.136254
0 78 0.086721 0.405525 0.112918 0.068503
0 79 0.252710 0.359606 0.139265 0.104637
0 80 0.332882 0.343044 0.118940 0.070009
0 81 0.435260 0.341162 0.058717 0.138512
0 82 0.455962 0.190605 0.094098 0.057212
0 83 0.495483 0.277928 0.069256 0.097862
0 84 0.566998 0.277176 0.082806 0.135501
0 85 0.606019 0.516667 0.071296 0.188889
0 86 0.488708 0.558717 0.132490 0.081301
0 87 0.472900 0.755571 0.114423 0.045920
0 88 0.359982 0.799609 0.146040 0.061728
0 89 0.220882 0.517190 0.062903 0.182422
0 90 0.222599 0.527853 0.140771 0.057212
0 91 0.215824 0.588076 0.173893 0.081301