0 77 0.756700 0.239913 0.082806 0.079042
0 78 0.096131 0.364875 0.060976 0.045920
0 79 0.350196 0.448058 0.076784 0.159590
0 80 0.311427 0.329871 0.113671 0.088829
0 81 0.440906 0.347561 0.130232 0.098615
0 82 0.461984 0.213189 0.110659 0.138512
0 83 0.419828 0.399880 0.116682 0.058717
0 84 0.542532 0.161247 0.085065 0.114423
0 85 0.606880 0.580258 0.067721 0.211706
0 86 0.548178 0.550437 0.114423 0.070762
0 87 0.461984 0.760840 0.079042 0.042909
0 88 0.250828 0.776272 0.046673 0.076784
0 89 0.192111 0.305029 0.061728 0.146040
0 90 0.125866 0.444294 0.054201 0.138512
0 91 0.112316 0.462361 0.081301 0.129479