0 77 0.719061 0.343421 0.061728 0.149051
0 78 0.081828 0.390470 0.097109 0.113671
0 79 0.308698 0.375565 0.076972 0.135953
0 80 0.339280 0.346808 0.130232 0.080548
0 81 0.431210 0.345303 0.072840 0.133243
0 82 0.461232 0.189852 0.118187 0.051189
0 83 0.481180 0.311051 0.057212 0.100873
0 84 0.590334 0.220717 0.061728 0.120446
0 85 0.609259 0.550000 0.062963 0.196296
0 86 0.514073 0.542152 0.144076 0.060230
0 87 0.441667 0.767593 0.070370 0.031481
0 88 0.319708 0.806384 0.151310 0.060223
0 89 0.204167 0.465278 0.075000 0.163889
0 90 0.177778 0.498148 0.109259 0.098148
0 91 0.148073 0.549307 0.119693 0.116682