0 77 0.702499 0.347185 0.049684 0.153568
0 78 0.085215 0.383318 0.108401 0.094851
0 79 0.300136 0.376920 0.083559 0.113671
0 80 0.319332 0.339657 0.156579 0.094851
0 81 0.437289 0.344968 0.071221 0.139935
0 82 0.457091 0.187218 0.127974 0.047425
0 83 0.486073 0.313309 0.044414 0.118940
0 84 0.582870 0.225463 0.060185 0.117593
0 85 0.609259 0.544444 0.062963 0.198148
0 86 0.515059 0.552431 0.130992 0.086344
0 87 0.443108 0.755364 0.080661 0.072606
0 88 0.325463 0.802778 0.121296 0.055556
0 89 0.205093 0.469444 0.067593 0.153704
0 90 0.186111 0.500926 0.103704 0.092593
0 91 0.154167 0.561111 0.130556 0.109259