0 77 0.751430 0.441283 0.138512 0.120446
0 78 0.088226 0.423216 0.087323 0.103884
0 79 0.258269 0.350459 0.120619 0.098841
0 80 0.345833 0.346296 0.134259 0.061111
0 81 0.434884 0.331000 0.056459 0.134749
0 82 0.446176 0.190982 0.091087 0.059470
0 83 0.511292 0.260614 0.085818 0.094851
0 84 0.554577 0.317073 0.062481 0.135501
0 85 0.611111 0.517130 0.092593 0.156481
0 86 0.462361 0.553448 0.152063 0.069256
0 87 0.486499 0.749115 0.100775 0.048065
0 88 0.370897 0.810148 0.136254 0.076784
0 89 0.238031 0.535757 0.094851 0.137760
0 90 0.262873 0.535757 0.161096 0.054953
0 91 0.227115 0.589958 0.158838 0.070009