0 77 0.721695 0.256098 0.155827 0.075279
0 78 0.077687 0.394610 0.058717 0.140018
0 79 0.330702 0.403504 0.085659 0.167397
0 80 0.307870 0.334259 0.123148 0.074074
0 81 0.435260 0.340033 0.109907 0.091087
0 82 0.462500 0.200000 0.113889 0.098148
0 83 0.462361 0.362617 0.102379 0.089581
0 84 0.579167 0.193056 0.075000 0.152778
0 85 0.608333 0.573148 0.066667 0.200000
0 86 0.534218 0.543251 0.148231 0.055021
0 87 0.436111 0.767130 0.127778 0.047222
0 88 0.272222 0.786111 0.083333 0.070370
0 89 0.189352 0.371759 0.056481 0.132407
0 90 0.128500 0.451822 0.051942 0.114423
0 91 0.113445 0.495107 0.074526 0.169377