0 77 0.764980 0.247441 0.079795 0.094098
0 78 0.087474 0.360735 0.070762 0.051189
0 79 0.346432 0.445423 0.070762 0.155827
0 80 0.313309 0.329871 0.124962 0.088829
0 81 0.440906 0.347185 0.122704 0.090334
0 82 0.464619 0.214318 0.105390 0.134749
0 83 0.418323 0.404396 0.115176 0.054201
0 84 0.547425 0.159365 0.099368 0.110659
0 85 0.613742 0.580172 0.055849 0.210027
0 86 0.546673 0.548178 0.129479 0.084312
0 87 0.461984 0.761593 0.080548 0.045920
0 88 0.252710 0.768744 0.054953 0.078290
0 89 0.188723 0.314062 0.056459 0.144535
0 90 0.124360 0.442788 0.051189 0.143029
0 91 0.116079 0.461232 0.082806 0.137760