0 77 0.702876 0.393104 0.085065 0.150557
0 78 0.084463 0.393857 0.120446 0.048178
0 79 0.280879 0.366618 0.102499 0.138791
0 80 0.326483 0.344926 0.136254 0.082806
0 81 0.436013 0.335516 0.076784 0.146793
0 82 0.458597 0.188347 0.109907 0.055706
0 83 0.489461 0.279810 0.046673 0.125715
0 84 0.572644 0.249699 0.080548 0.118187
0 85 0.606944 0.535185 0.065741 0.196296
0 86 0.495288 0.556369 0.150166 0.090515
0 87 0.468519 0.760648 0.111111 0.049074
0 88 0.343519 0.799074 0.138889 0.050000
0 89 0.202006 0.511491 0.063016 0.187797
0 90 0.206037 0.513927 0.118187 0.076031
0 91 0.187963 0.574537 0.146296 0.086111