0 77 0.719437 0.258356 0.148299 0.063234
0 78 0.069444 0.398611 0.059259 0.147222
0 79 0.333634 0.402548 0.061728 0.139198
0 80 0.305556 0.336111 0.122222 0.074074
0 81 0.436766 0.345679 0.100873 0.090334
0 82 0.453241 0.197685 0.128704 0.093519
0 83 0.464995 0.356971 0.101626 0.096357
0 84 0.580093 0.195833 0.067593 0.152778
0 85 0.606019 0.569444 0.067593 0.196296
0 86 0.537925 0.542066 0.131557 0.061909
0 87 0.439815 0.773611 0.120370 0.058333
0 88 0.263889 0.784259 0.077778 0.072222
0 89 0.188889 0.402778 0.059259 0.196296
0 90 0.130006 0.456338 0.066998 0.112918
0 91 0.110810 0.500376 0.063234 0.160343