0 77 0.733740 0.265131 0.107648 0.070762
0 78 0.068654 0.404773 0.040650 0.175399
0 79 0.329494 0.409666 0.060976 0.121951
0 80 0.310291 0.335260 0.127989 0.070521
0 81 0.438885 0.350117 0.102657 0.120604
0 82 0.461111 0.195370 0.111111 0.072222
0 83 0.481557 0.352454 0.088076 0.093345
0 84 0.580556 0.207870 0.062963 0.156481
0 85 0.612037 0.565741 0.062963 0.185185
0 86 0.528459 0.541437 0.141230 0.070830
0 87 0.435185 0.770370 0.116667 0.042593
0 88 0.288889 0.798148 0.120370 0.079630
0 89 0.190278 0.406481 0.052778 0.151852
0 90 0.150708 0.472147 0.112918 0.097862
0 91 0.114574 0.524089 0.091840 0.161096