0 77 0.760464 0.228997 0.087323 0.088829
0 78 0.097260 0.361864 0.066245 0.045920
0 79 0.350949 0.445799 0.081301 0.164107
0 80 0.305781 0.324977 0.117435 0.094098
0 81 0.437037 0.343519 0.125926 0.090741
0 82 0.457953 0.212850 0.126686 0.148374
0 83 0.411171 0.396492 0.123457 0.059470
0 84 0.536886 0.145062 0.102379 0.089581
0 85 0.609342 0.584399 0.059094 0.203425
0 86 0.571515 0.544791 0.115929 0.080548
0 87 0.458796 0.758333 0.073148 0.044444
0 88 0.249074 0.782870 0.044444 0.062037
0 89 0.199639 0.304652 0.060223 0.154321
0 90 0.127371 0.446552 0.051189 0.138512
0 91 0.114198 0.459726 0.079042 0.134749