0 77 0.728094 0.252334 0.115929 0.064740
0 78 0.069444 0.396296 0.057407 0.146296
0 79 0.334764 0.410042 0.057964 0.128726
0 80 0.312500 0.337037 0.136111 0.075926
0 81 0.434884 0.345679 0.101626 0.093345
0 82 0.450463 0.196296 0.134259 0.088889
0 83 0.466125 0.356971 0.081301 0.085818
0 84 0.580556 0.199537 0.066667 0.156481
0 85 0.609722 0.568056 0.062037 0.193519
0 86 0.541053 0.545973 0.119746 0.058612
0 87 0.442593 0.771296 0.101852 0.050000
0 88 0.275843 0.784707 0.103538 0.074970
0 89 0.188889 0.393056 0.051852 0.162037
0 90 0.147685 0.457870 0.084259 0.106481
0 91 0.110810 0.508657 0.070762 0.155827