0 77 0.761593 0.261743 0.124210 0.085065
0 78 0.094625 0.358853 0.056459 0.068503
0 79 0.338768 0.436762 0.078019 0.150550
0 80 0.299759 0.334764 0.115929 0.091087
0 81 0.445028 0.349819 0.140056 0.070009
0 82 0.464995 0.208672 0.095604 0.135501
0 83 0.436390 0.392728 0.122704 0.057964
0 84 0.557212 0.165763 0.072267 0.126468
0 85 0.604998 0.583010 0.071484 0.200647
0 86 0.555330 0.555706 0.112165 0.076784
0 87 0.457091 0.760464 0.058717 0.052695
0 88 0.261743 0.778154 0.074526 0.056459
0 89 0.202650 0.327989 0.082806 0.136254
0 90 0.117585 0.435260 0.039145 0.106896
0 91 0.104035 0.464995 0.069256 0.103132