0 77 0.735622 0.261367 0.155074 0.072267
0 78 0.067525 0.401385 0.056459 0.150557
0 79 0.337775 0.418323 0.076031 0.130232
0 80 0.303147 0.333258 0.122704 0.070009
0 81 0.445047 0.348314 0.118940 0.070009
0 82 0.442036 0.192487 0.156579 0.101626
0 83 0.460855 0.375038 0.106896 0.091840
0 84 0.576852 0.189352 0.074074 0.150926
0 85 0.609003 0.571150 0.075580 0.206993
0 86 0.539834 0.539438 0.144407 0.080382
0 87 0.439352 0.764352 0.121296 0.041667
0 88 0.268519 0.779630 0.074074 0.053704
0 89 0.184180 0.375504 0.059417 0.143601
0 90 0.124360 0.450693 0.048178 0.127221
0 91 0.111563 0.492849 0.066245 0.172388