0 77 0.705699 0.361845 0.050813 0.155864
0 78 0.081828 0.386706 0.091087 0.091087
0 79 0.292882 0.368808 0.100926 0.147222
0 80 0.328741 0.340033 0.136254 0.082054
0 81 0.437037 0.346759 0.064815 0.130556
0 82 0.449187 0.185712 0.125715 0.056459
0 83 0.477894 0.309877 0.050233 0.113580
0 84 0.579630 0.231019 0.077778 0.119444
0 85 0.609722 0.539352 0.062037 0.202778
0 86 0.509722 0.559722 0.132407 0.102778
0 87 0.449274 0.758838 0.081880 0.067510
0 88 0.328241 0.802315 0.119444 0.054630
0 89 0.208322 0.473494 0.065440 0.149368
0 90 0.188889 0.500926 0.100000 0.096296
0 91 0.161111 0.572685 0.137037 0.121296