0 77 0.750678 0.431873 0.130985 0.127221
0 78 0.085968 0.422840 0.091840 0.104637
0 79 0.257227 0.349819 0.134749 0.094098
0 80 0.346432 0.351325 0.132490 0.065492
0 81 0.439401 0.334011 0.051942 0.131737
0 82 0.454833 0.189852 0.084312 0.055706
0 83 0.509786 0.266260 0.075279 0.095604
0 84 0.557212 0.305405 0.066245 0.137760
0 85 0.610283 0.512045 0.086570 0.162602
0 86 0.468007 0.553448 0.146793 0.085818
0 87 0.482407 0.750000 0.100000 0.048148
0 88 0.367510 0.807136 0.140018 0.070762
0 89 0.232110 0.527345 0.081098 0.141034
0 90 0.248193 0.530488 0.154321 0.044414
0 91 0.227492 0.589205 0.167118 0.065492