0 77 0.711533 0.331752 0.051189 0.139265
0 78 0.084839 0.384071 0.094098 0.127974
0 79 0.312605 0.388911 0.072170 0.127326
0 80 0.322343 0.347185 0.149051 0.082806
0 81 0.436307 0.344347 0.083725 0.129825
0 82 0.461984 0.192111 0.128726 0.054201
0 83 0.481180 0.317826 0.048178 0.097862
0 84 0.602379 0.223728 0.055706 0.132490
0 85 0.610648 0.559722 0.065741 0.187963
0 86 0.515278 0.544907 0.147222 0.062037
0 87 0.437500 0.767130 0.076852 0.036111
0 88 0.316697 0.813159 0.127221 0.061728
0 89 0.196759 0.441667 0.060185 0.138889
0 90 0.162963 0.493981 0.098148 0.093519
0 91 0.145370 0.542130 0.120370 0.126852