0 77 0.723201 0.257227 0.157332 0.070009
0 78 0.073924 0.393481 0.066245 0.151310
0 79 0.335516 0.413806 0.080548 0.155827
0 80 0.303899 0.330623 0.128726 0.075279
0 81 0.434508 0.339657 0.124962 0.088829
0 82 0.467130 0.200926 0.104630 0.096296
0 83 0.464995 0.371274 0.110659 0.093345
0 84 0.577315 0.191667 0.073148 0.151852
0 85 0.607870 0.572685 0.067593 0.200926
0 86 0.534628 0.544414 0.141524 0.070762
0 87 0.437963 0.766204 0.125926 0.045370
0 88 0.270370 0.781944 0.077778 0.060185
0 89 0.182042 0.369655 0.063799 0.158311
0 90 0.123984 0.447681 0.048931 0.116682
0 91 0.102529 0.485697 0.061728 0.152063