0 77 0.750463 0.440741 0.121296 0.103704
0 78 0.090485 0.415312 0.088829 0.104637
0 79 0.246311 0.352830 0.140018 0.095604
0 80 0.344173 0.349819 0.127974 0.066998
0 81 0.435260 0.327612 0.055706 0.143029
0 82 0.450316 0.188347 0.099368 0.060223
0 83 0.519572 0.260991 0.082806 0.085065
0 84 0.548931 0.320461 0.060223 0.137760
0 85 0.620976 0.514246 0.117879 0.147433
0 86 0.458973 0.552695 0.158838 0.064740
0 87 0.484240 0.747900 0.096259 0.048645
0 88 0.373156 0.808266 0.140771 0.079042
0 89 0.242171 0.536886 0.091087 0.130985
0 90 0.264378 0.544414 0.162602 0.070762
0 91 0.232761 0.595227 0.165613 0.066998