0 77 0.720190 0.255721 0.157332 0.059470
0 78 0.072222 0.400000 0.059259 0.148148
0 79 0.324883 0.392009 0.085253 0.179848
0 80 0.305556 0.335185 0.122222 0.074074
0 81 0.433379 0.344173 0.103132 0.085818
0 82 0.465741 0.199074 0.107407 0.094444
0 83 0.464243 0.358100 0.097109 0.098615
0 84 0.580093 0.194444 0.069444 0.150000
0 85 0.607870 0.570833 0.065741 0.195370
0 86 0.537636 0.547429 0.133988 0.066253
0 87 0.431944 0.772222 0.115741 0.057407
0 88 0.265278 0.785185 0.080556 0.072222
0 89 0.190741 0.378704 0.053704 0.157407
0 90 0.139039 0.458973 0.077537 0.110659
0 91 0.112316 0.497742 0.064740 0.164107