0 77 0.714920 0.394234 0.068503 0.160343
0 78 0.086721 0.396116 0.105390 0.046673
0 79 0.280676 0.366004 0.098389 0.133996
0 80 0.324225 0.340410 0.112165 0.081301
0 81 0.433552 0.342796 0.074179 0.136751
0 82 0.450316 0.190605 0.117435 0.060223
0 83 0.489085 0.294113 0.048931 0.115176
0 84 0.580172 0.241795 0.080548 0.121951
0 85 0.607407 0.533796 0.066667 0.199074
0 86 0.495751 0.557238 0.151092 0.097809
0 87 0.465741 0.761574 0.105556 0.047222
0 88 0.343056 0.800926 0.139815 0.048148
0 89 0.216339 0.500026 0.064461 0.164055
0 90 0.206019 0.515278 0.115741 0.082407
0 91 0.185648 0.575000 0.149074 0.087037