0 77 0.765357 0.257603 0.121198 0.093345
0 78 0.092743 0.358853 0.058717 0.062481
0 79 0.345303 0.440154 0.062481 0.142276
0 80 0.301641 0.332505 0.109154 0.080548
0 81 0.448058 0.347185 0.135501 0.079795
0 82 0.458220 0.207919 0.109154 0.129479
0 83 0.434508 0.393481 0.118940 0.073020
0 84 0.557964 0.164258 0.088829 0.126468
0 85 0.608849 0.575945 0.065635 0.216629
0 86 0.551942 0.555330 0.133996 0.071515
0 87 0.461232 0.756700 0.070009 0.058717
0 88 0.264002 0.776272 0.066998 0.055706
0 89 0.202273 0.321590 0.066998 0.138512
0 90 0.119091 0.439777 0.034628 0.147546
0 91 0.103659 0.459726 0.074526 0.109154