0 77 0.715297 0.299383 0.049684 0.121198
0 78 0.069907 0.388426 0.067593 0.134259
0 79 0.318714 0.392386 0.068985 0.138445
0 80 0.317450 0.338151 0.130232 0.078290
0 81 0.436973 0.340654 0.086909 0.135012
0 82 0.466501 0.187970 0.127221 0.050437
0 83 0.478704 0.310648 0.048148 0.091667
0 84 0.588889 0.219907 0.062963 0.145370
0 85 0.612037 0.562037 0.062963 0.188889
0 86 0.517130 0.546759 0.149074 0.062037
0 87 0.436111 0.770370 0.081481 0.037037
0 88 0.310674 0.802996 0.130232 0.065492
0 89 0.195370 0.436111 0.062963 0.142593
0 90 0.162037 0.490741 0.103704 0.098148
0 91 0.138426 0.543981 0.117593 0.141667