0 77 0.757076 0.256474 0.116682 0.079042
0 78 0.091238 0.362993 0.054201 0.052695
0 79 0.344550 0.443165 0.074526 0.152815
0 80 0.302017 0.329871 0.124962 0.097862
0 81 0.445799 0.344550 0.132490 0.085065
0 82 0.464243 0.209801 0.098615 0.143782
0 83 0.428485 0.393481 0.114423 0.065492
0 84 0.556083 0.163881 0.082054 0.118187
0 85 0.610644 0.576698 0.060193 0.215123
0 86 0.548555 0.554953 0.122704 0.076784
0 87 0.457468 0.752559 0.060976 0.056459
0 88 0.259109 0.777025 0.048178 0.061728
0 89 0.198509 0.318955 0.054953 0.139265
0 90 0.119843 0.437895 0.046673 0.142276
0 91 0.111939 0.464619 0.082054 0.112918