0 77 0.730093 0.426389 0.100926 0.128704
0 78 0.089732 0.426603 0.108401 0.109154
0 79 0.258943 0.360705 0.125294 0.100813
0 80 0.343044 0.346432 0.137760 0.067751
0 81 0.429991 0.335893 0.069256 0.141524
0 82 0.451069 0.184583 0.102379 0.061728
0 83 0.501506 0.273035 0.076784 0.089581
0 84 0.556083 0.287338 0.083559 0.125715
0 85 0.608394 0.517999 0.070370 0.183333
0 86 0.489352 0.560185 0.110185 0.072222
0 87 0.478704 0.750463 0.107407 0.050926
0 88 0.358796 0.804630 0.130556 0.059259
0 89 0.226363 0.524089 0.076031 0.156579
0 90 0.239265 0.521353 0.152605 0.051739
0 91 0.210185 0.585185 0.142593 0.072222