0 77 0.722824 0.258732 0.130985 0.065492
0 78 0.068519 0.396759 0.059259 0.145370
0 79 0.336465 0.400000 0.066606 0.145799
0 80 0.312037 0.337037 0.135185 0.075926
0 81 0.429615 0.341539 0.103132 0.097109
0 82 0.453241 0.196759 0.128704 0.089815
0 83 0.463866 0.356594 0.090334 0.085065
0 84 0.580556 0.199074 0.066667 0.155556
0 85 0.608796 0.570833 0.063889 0.189815
0 86 0.541140 0.549774 0.121424 0.063415
0 87 0.443519 0.771759 0.107407 0.052778
0 88 0.264352 0.783333 0.080556 0.072222
0 89 0.189352 0.390278 0.052778 0.160185
0 90 0.141298 0.458220 0.077537 0.106143
0 91 0.113821 0.510163 0.078290 0.166366