0 77 0.734722 0.425926 0.106481 0.127778
0 78 0.088979 0.425851 0.096357 0.110659
0 79 0.262263 0.357377 0.129193 0.101566
0 80 0.342668 0.344173 0.127974 0.067751
0 81 0.437519 0.334011 0.055706 0.125715
0 82 0.452575 0.189852 0.096357 0.058717
0 83 0.499247 0.274164 0.075279 0.099368
0 84 0.557407 0.292593 0.070370 0.127778
0 85 0.603241 0.516667 0.065741 0.170370
0 86 0.489815 0.560185 0.109259 0.070370
0 87 0.476852 0.754167 0.101852 0.043519
0 88 0.361111 0.805093 0.135185 0.060185
0 89 0.227492 0.525218 0.075279 0.148299
0 90 0.239536 0.528229 0.150557 0.045920
0 91 0.223728 0.589205 0.182174 0.070009