0 77 0.755571 0.257603 0.115176 0.088829
0 78 0.088603 0.353207 0.053448 0.058717
0 79 0.342668 0.433002 0.082806 0.150557
0 80 0.304441 0.334685 0.112587 0.089740
0 81 0.443726 0.351442 0.141155 0.078809
0 82 0.473445 0.213317 0.080887 0.125218
0 83 0.434884 0.393104 0.131737 0.070762
0 84 0.557964 0.170280 0.078290 0.130985
0 85 0.611920 0.579024 0.069746 0.216840
0 86 0.556083 0.549307 0.109154 0.077537
0 87 0.460479 0.759711 0.066998 0.045167
0 88 0.264002 0.782671 0.071515 0.063987
0 89 0.200015 0.325730 0.066998 0.136254
0 90 0.122102 0.419452 0.040650 0.109907
0 91 0.103659 0.464243 0.076031 0.109154