0 77 0.705510 0.384071 0.058717 0.165613
0 78 0.083333 0.393481 0.118187 0.060976
0 79 0.282445 0.362993 0.112918 0.138512
0 80 0.324977 0.345303 0.122704 0.086570
0 81 0.439401 0.337398 0.070009 0.127974
0 82 0.456715 0.181948 0.119693 0.063987
0 83 0.486073 0.292984 0.042909 0.118940
0 84 0.582430 0.245182 0.077537 0.122704
0 85 0.607870 0.537500 0.065741 0.200926
0 86 0.513904 0.556602 0.116637 0.102093
0 87 0.471759 0.761111 0.093519 0.046296
0 88 0.329630 0.806481 0.112963 0.051852
0 89 0.210927 0.489461 0.061736 0.173141
0 90 0.206414 0.509033 0.137007 0.091840
0 91 0.180093 0.577315 0.152778 0.095370