0 77 0.726588 0.425474 0.097862 0.140018
0 78 0.091238 0.413806 0.108401 0.082054
0 79 0.257603 0.355465 0.133996 0.103884
0 80 0.337398 0.344550 0.121951 0.063987
0 81 0.435637 0.338528 0.057964 0.131737
0 82 0.451822 0.189852 0.097862 0.049684
0 83 0.506399 0.276046 0.088076 0.098615
0 84 0.563234 0.283951 0.081301 0.126468
0 85 0.608582 0.512733 0.076423 0.198607
0 86 0.487955 0.561352 0.121951 0.079042
0 87 0.476664 0.760087 0.108401 0.053448
0 88 0.361488 0.799232 0.147546 0.062481
0 89 0.222975 0.524842 0.073773 0.164107
0 90 0.235772 0.526724 0.155074 0.050437
0 91 0.216200 0.588829 0.159590 0.072267