0 77 0.730729 0.265884 0.110659 0.067751
0 78 0.069907 0.397222 0.050926 0.148148
0 79 0.336646 0.412301 0.063234 0.124210
0 80 0.312839 0.335260 0.134937 0.070521
0 81 0.440884 0.348408 0.107693 0.113482
0 82 0.455556 0.196296 0.122222 0.079630
0 83 0.485321 0.351701 0.074526 0.084312
0 84 0.580093 0.203704 0.065741 0.159259
0 85 0.611111 0.567130 0.064815 0.191667
0 86 0.543601 0.546436 0.112797 0.057686
0 87 0.438889 0.771759 0.103704 0.047222
0 88 0.266667 0.783333 0.079630 0.064815
0 89 0.189815 0.401852 0.053704 0.164815
0 90 0.145370 0.462963 0.087037 0.103704
0 91 0.117209 0.521831 0.066998 0.158085