0 77 0.709493 0.368677 0.041719 0.160268
0 78 0.081828 0.389341 0.101626 0.082806
0 79 0.282821 0.365251 0.100120 0.143029
0 80 0.325354 0.344550 0.126468 0.083559
0 81 0.435637 0.340639 0.056459 0.146500
0 82 0.455586 0.187594 0.112918 0.043662
0 83 0.491343 0.299759 0.047425 0.123457
0 84 0.585441 0.232761 0.066998 0.124962
0 85 0.608333 0.536574 0.064815 0.202778
0 86 0.511356 0.559237 0.123585 0.107362
0 87 0.455556 0.764815 0.092593 0.053704
0 88 0.337007 0.803662 0.133273 0.053621
0 89 0.205860 0.474552 0.059824 0.150263
0 90 0.190741 0.501389 0.101852 0.099074
0 91 0.173611 0.574074 0.160185 0.107407