0 77 0.728704 0.425926 0.100000 0.135185
0 78 0.087474 0.422087 0.102379 0.101626
0 79 0.263546 0.355556 0.132648 0.103704
0 80 0.341915 0.346808 0.132490 0.074526
0 81 0.436766 0.335516 0.057212 0.137760
0 82 0.447681 0.190605 0.101626 0.057212
0 83 0.503011 0.275670 0.085818 0.105390
0 84 0.558341 0.285456 0.079042 0.130985
0 85 0.605484 0.515775 0.072079 0.185117
0 86 0.489815 0.559259 0.112963 0.074074
0 87 0.479167 0.753241 0.110185 0.045370
0 88 0.361582 0.798769 0.139830 0.052868
0 89 0.225986 0.526347 0.072267 0.156579
0 90 0.241418 0.527853 0.154321 0.055706
0 91 0.220717 0.590334 0.173141 0.075279