0 77 0.736574 0.428241 0.106481 0.126852
0 78 0.092130 0.426852 0.097222 0.107407
0 79 0.253839 0.352454 0.141524 0.097862
0 80 0.347561 0.344550 0.140771 0.063987
0 81 0.437142 0.336646 0.047425 0.132490
0 82 0.448058 0.187594 0.103884 0.067751
0 83 0.508843 0.269935 0.078797 0.100871
0 84 0.555556 0.296296 0.066667 0.124074
0 85 0.605860 0.512447 0.072832 0.176957
0 86 0.488426 0.562963 0.110185 0.068519
0 87 0.480556 0.750463 0.105556 0.049074
0 88 0.365278 0.805556 0.137963 0.059259
0 89 0.229750 0.531241 0.075279 0.145288
0 90 0.241667 0.524074 0.144444 0.042593
0 91 0.220534 0.582310 0.155882 0.066472