0 77 0.755947 0.261367 0.117435 0.088829
0 78 0.091614 0.358100 0.050437 0.062481
0 79 0.341539 0.437895 0.073020 0.149804
0 80 0.305078 0.335148 0.108303 0.088814
0 81 0.449804 0.352164 0.144053 0.072847
0 82 0.460102 0.208672 0.102379 0.123457
0 83 0.445799 0.388211 0.132490 0.073020
0 84 0.557588 0.169904 0.076031 0.131737
0 85 0.608010 0.568997 0.065462 0.226822
0 86 0.556459 0.553824 0.105390 0.077537
0 87 0.462361 0.766486 0.058717 0.051189
0 88 0.258732 0.775896 0.068503 0.062481
0 89 0.207919 0.333258 0.076784 0.136254
0 90 0.119843 0.449187 0.051189 0.136254
0 91 0.102153 0.469889 0.079042 0.109907