0 77 0.726588 0.263249 0.112918 0.063987
0 78 0.069444 0.394907 0.053704 0.143519
0 79 0.331000 0.408160 0.068503 0.127974
0 80 0.310870 0.338272 0.132852 0.076543
0 81 0.440421 0.346432 0.108619 0.109907
0 82 0.459722 0.197685 0.113889 0.080556
0 83 0.488332 0.348314 0.068503 0.091087
0 84 0.585818 0.201897 0.075279 0.161096
0 85 0.610648 0.567593 0.062037 0.188889
0 86 0.549537 0.549074 0.102778 0.062963
0 87 0.441204 0.771759 0.100926 0.049074
0 88 0.279027 0.785720 0.106203 0.071439
0 89 0.189352 0.399074 0.052778 0.161111
0 90 0.148826 0.462361 0.092593 0.117435
0 91 0.112692 0.507904 0.076031 0.157332