0 77 0.718308 0.298630 0.064740 0.142276
0 78 0.081075 0.388964 0.073020 0.140771
0 79 0.324650 0.393052 0.070664 0.135607
0 80 0.309922 0.337022 0.124210 0.066998
0 81 0.440650 0.351325 0.090093 0.119693
0 82 0.454080 0.185712 0.118940 0.057964
0 83 0.484944 0.316697 0.058717 0.095604
0 84 0.589815 0.217130 0.061111 0.145370
0 85 0.613426 0.562500 0.063889 0.191667
0 86 0.527778 0.546296 0.137037 0.059259
0 87 0.436766 0.771379 0.090334 0.044414
0 88 0.305029 0.806007 0.118940 0.079042
0 89 0.199262 0.430744 0.074526 0.153568
0 90 0.158988 0.486073 0.097862 0.089581
0 91 0.133394 0.549307 0.112918 0.148299