0 77 0.770626 0.258732 0.071515 0.103132
0 78 0.093120 0.361488 0.051942 0.060223
0 79 0.349067 0.441283 0.077537 0.159590
0 80 0.309545 0.331752 0.123457 0.083559
0 81 0.441283 0.348314 0.130985 0.092593
0 82 0.462737 0.210554 0.103132 0.145288
0 83 0.421710 0.402138 0.121951 0.052695
0 84 0.548178 0.148826 0.090334 0.097109
0 85 0.609139 0.574353 0.063204 0.217961
0 86 0.548178 0.552319 0.120446 0.070009
0 87 0.461232 0.766110 0.074526 0.047425
0 88 0.250452 0.765733 0.056459 0.072267
0 89 0.188347 0.312933 0.052695 0.137760
0 90 0.128500 0.440530 0.053448 0.152063
0 91 0.114950 0.467630 0.076031 0.121951