0 77 0.718308 0.256098 0.150557 0.057212
0 78 0.074537 0.402315 0.058333 0.141667
0 79 0.333917 0.404633 0.074714 0.159116
0 80 0.306944 0.334722 0.123148 0.075000
0 81 0.434884 0.341539 0.103132 0.094098
0 82 0.453241 0.199537 0.132407 0.097222
0 83 0.464619 0.369392 0.109907 0.086570
0 84 0.580093 0.193519 0.073148 0.151852
0 85 0.607870 0.572222 0.065741 0.200000
0 86 0.539691 0.542788 0.133582 0.055947
0 87 0.437037 0.768519 0.127778 0.050000
0 88 0.271759 0.788426 0.084259 0.073148
0 89 0.190278 0.369907 0.054630 0.134259
0 90 0.125000 0.451389 0.038889 0.108333
0 91 0.108552 0.492096 0.064740 0.160343