0 77 0.583796 0.327778 0.117593 0.057407
0 78 0.201144 0.366381 0.120446 0.119693
0 79 0.388426 0.572685 0.062037 0.178704
0 80 0.293981 0.312037 0.123148 0.050000
0 81 0.404630 0.335648 0.118519 0.087963
0 82 0.519444 0.235185 0.166667 0.061111
0 83 0.282069 0.443541 0.050437 0.143029
0 85 0.661375 0.631094 0.117992 0.150775
0 86 0.597109 0.601250 0.064740 0.085065
0 87 0.462037 0.776389 0.122222 0.050926
0 88 0.316204 0.790741 0.128704 0.085185
0 89 0.321966 0.195498 0.130232 0.063987
0 90 0.223611 0.463426 0.084259 0.102778
0 91 0.082957 0.478169 0.055706 0.161096