0 77 0.583796 0.296759 0.091667 0.087963
0 78 0.185976 0.357814 0.131210 0.108220
0 79 0.392130 0.569907 0.062037 0.139815
0 80 0.287715 0.331000 0.094851 0.098615
0 81 0.416667 0.339352 0.120370 0.099074
0 82 0.515278 0.244444 0.143519 0.062963
0 83 0.289220 0.418699 0.075279 0.120446
0 85 0.632054 0.638479 0.121078 0.124895
0 86 0.617058 0.600497 0.060976 0.083559
0 87 0.451852 0.778241 0.114815 0.047222
0 88 0.302778 0.800000 0.122222 0.100000
0 89 0.282069 0.215071 0.119693 0.059470
0 90 0.209722 0.458796 0.093519 0.086111
0 91 0.079193 0.464995 0.067751 0.148299