0 77 0.767615 0.232761 0.101626 0.078290
0 78 0.102153 0.373908 0.083559 0.076031
0 79 0.359982 0.465748 0.094851 0.169377
0 80 0.293360 0.331752 0.091087 0.100120
0 81 0.432407 0.339352 0.114815 0.100926
0 82 0.468372 0.216930 0.135479 0.155029
0 83 0.388964 0.392728 0.131737 0.079042
0 84 0.530864 0.134523 0.115929 0.062481
0 85 0.608299 0.583969 0.063031 0.199420
0 86 0.588671 0.555503 0.093029 0.077883
0 87 0.456944 0.760185 0.069444 0.040741
0 88 0.257407 0.775000 0.040741 0.100000
0 89 0.208672 0.284703 0.088829 0.124962
0 90 0.131135 0.440906 0.079795 0.119693
0 91 0.114950 0.463114 0.063987 0.123457