0 77 0.656019 0.277778 0.113889 0.077778
0 78 0.177778 0.348148 0.137037 0.059259
0 79 0.375463 0.513426 0.071296 0.193519
0 80 0.291204 0.331944 0.054630 0.139815
0 81 0.431944 0.328241 0.108333 0.091667
0 82 0.493056 0.229167 0.128704 0.137963
0 83 0.320370 0.391667 0.118519 0.077778
0 84 0.487579 0.119843 0.065492 0.037639
0 85 0.610648 0.605093 0.119444 0.141667
0 86 0.606143 0.593722 0.087323 0.063987
0 87 0.438426 0.763426 0.104630 0.056481
0 88 0.280556 0.798148 0.127778 0.088889
0 89 0.276423 0.221093 0.123457 0.079042
0 90 0.185712 0.440154 0.115176 0.066998
0 91 0.113821 0.430744 0.120446 0.114423