0 77 0.726588 0.210178 0.096357 0.126468
0 78 0.131888 0.394234 0.090334 0.185938
0 79 0.366204 0.484722 0.075000 0.186111
0 80 0.286574 0.327778 0.052778 0.109259
0 81 0.431481 0.333796 0.120370 0.097222
0 82 0.481019 0.233333 0.113889 0.148148
0 83 0.346759 0.380093 0.149074 0.049074
0 84 0.509033 0.122102 0.102379 0.046673
0 85 0.612489 0.578211 0.112060 0.163949
0 86 0.600120 0.567374 0.079795 0.088076
0 87 0.441862 0.757565 0.072614 0.058943
0 88 0.280093 0.769444 0.091667 0.107407
0 89 0.223351 0.235020 0.112165 0.106896
0 90 0.141298 0.441659 0.109154 0.076031
0 91 0.118714 0.437519 0.130232 0.079795