0 77 0.638426 0.282870 0.115741 0.073148
0 78 0.183830 0.350572 0.135501 0.063987
0 79 0.384722 0.538426 0.058333 0.160185
0 80 0.287963 0.337037 0.051852 0.135185
0 81 0.428241 0.331944 0.108333 0.097222
0 82 0.505556 0.222685 0.131481 0.125000
0 83 0.305556 0.401852 0.088889 0.090741
0 84 0.473276 0.123984 0.068503 0.054953
0 85 0.621296 0.594444 0.122222 0.150000
0 86 0.606143 0.590711 0.084312 0.086570
0 87 0.439815 0.768056 0.118519 0.039815
0 88 0.280093 0.795370 0.143519 0.107407
0 89 0.276046 0.212812 0.151310 0.066998
0 90 0.188347 0.441283 0.118940 0.087323
0 91 0.094249 0.437142 0.082806 0.139265