0 77 0.563426 0.321296 0.121296 0.088889
0 78 0.224481 0.359982 0.097862 0.124962
0 79 0.387963 0.585185 0.059259 0.188889
0 80 0.294490 0.318202 0.121951 0.068503
0 81 0.413430 0.324601 0.124962 0.069256
0 82 0.526852 0.221759 0.148148 0.091667
0 83 0.282821 0.475534 0.054953 0.104637
0 85 0.675241 0.653873 0.105074 0.149661
0 86 0.623833 0.608401 0.076031 0.079795
0 87 0.477778 0.771296 0.090741 0.051852
0 88 0.317130 0.780093 0.139815 0.108333
0 89 0.354336 0.204155 0.145288 0.078290
0 90 0.226363 0.465372 0.086570 0.112918
0 91 0.082581 0.484944 0.048931 0.179163