0 77 0.524074 0.349074 0.118519 0.064815
0 78 0.264815 0.412500 0.140741 0.104630
0 79 0.382870 0.613889 0.060185 0.196296
0 80 0.285185 0.319444 0.122222 0.066667
0 81 0.400256 0.306534 0.124210 0.069256
0 82 0.551389 0.228704 0.128704 0.122222
0 83 0.281944 0.517130 0.063889 0.134259
0 85 0.675399 0.670506 0.143029 0.164860
0 86 0.626445 0.616603 0.108446 0.098020
0 87 0.475463 0.750926 0.067593 0.046296
0 88 0.305093 0.775926 0.139815 0.092593
0 89 0.405525 0.180819 0.095604 0.060223
0 90 0.252315 0.481481 0.054630 0.101852
0 91 0.084086 0.513550 0.071515 0.155074