0 77 0.568519 0.323611 0.112963 0.082407
0 78 0.225986 0.359229 0.096357 0.135501
0 79 0.388889 0.578704 0.059259 0.188889
0 80 0.301265 0.315944 0.146040 0.065492
0 81 0.410648 0.331019 0.117593 0.080556
0 82 0.519907 0.224537 0.162037 0.078704
0 83 0.282968 0.467536 0.050730 0.111224
0 85 0.674605 0.644697 0.100790 0.156903
0 86 0.616433 0.610065 0.059726 0.065056
0 87 0.473611 0.772685 0.095370 0.050926
0 88 0.320833 0.787963 0.132407 0.092593
0 90 0.227492 0.464243 0.090334 0.104637
0 91 0.077311 0.485321 0.054953 0.164860