0 77 0.587500 0.293981 0.099074 0.100926
0 78 0.185599 0.360419 0.130458 0.106022
0 79 0.391204 0.567130 0.062037 0.150926
0 80 0.286962 0.329871 0.103884 0.091840
0 81 0.414352 0.339352 0.115741 0.097222
0 82 0.514352 0.244907 0.149074 0.060185
0 83 0.285456 0.424345 0.075279 0.106143
0 85 0.632870 0.629167 0.115741 0.147222
0 86 0.614047 0.595227 0.057964 0.080548
0 87 0.450926 0.778704 0.120370 0.051852
0 88 0.302778 0.797685 0.125926 0.099074
0 89 0.280187 0.215071 0.130985 0.048931
0 90 0.210185 0.457870 0.092593 0.087963
0 91 0.083710 0.468759 0.061728 0.157332