0 77 0.583680 0.295254 0.109259 0.104630
0 78 0.188712 0.363772 0.139243 0.103937
0 79 0.390741 0.568981 0.061111 0.154630
0 80 0.292984 0.325730 0.102379 0.089581
0 81 0.407784 0.344926 0.125715 0.106896
0 82 0.513889 0.245833 0.151852 0.056481
0 83 0.286111 0.430556 0.064815 0.114815
0 85 0.633299 0.633179 0.113031 0.142901
0 86 0.611789 0.596733 0.070009 0.080548
0 87 0.453704 0.782407 0.135185 0.062963
0 88 0.308333 0.797222 0.122222 0.092593
0 89 0.282445 0.200015 0.130985 0.065492
0 90 0.216204 0.460185 0.091667 0.092593
0 91 0.087180 0.463720 0.066832 0.158379