0 77 0.637240 0.267882 0.100407 0.088309
0 78 0.175926 0.350949 0.152815 0.067751
0 79 0.382870 0.523611 0.062037 0.184259
0 80 0.289815 0.337037 0.053704 0.144444
0 81 0.427315 0.330556 0.104630 0.094444
0 82 0.507870 0.230556 0.128704 0.122222
0 83 0.311574 0.400000 0.097222 0.085185
0 84 0.477416 0.120220 0.054201 0.045920
0 85 0.616204 0.594444 0.132407 0.148148
0 86 0.602002 0.588076 0.092593 0.073773
0 87 0.437500 0.769444 0.112037 0.038889
0 88 0.277778 0.795370 0.144444 0.103704
0 89 0.280563 0.216200 0.125715 0.048178
0 90 0.184959 0.441659 0.116682 0.063987
0 91 0.092367 0.440906 0.091087 0.118187