0 77 0.522222 0.344907 0.124074 0.075000
0 78 0.267130 0.418056 0.145370 0.110185
0 79 0.381481 0.615741 0.059259 0.200000
0 80 0.285185 0.320833 0.122222 0.071296
0 81 0.398374 0.306158 0.120446 0.065492
0 82 0.550000 0.227778 0.127778 0.122222
0 83 0.283796 0.527778 0.063889 0.125926
0 85 0.682927 0.665613 0.138512 0.176152
0 86 0.627488 0.615127 0.112383 0.102477
0 87 0.472685 0.742130 0.069444 0.063889
0 88 0.313889 0.783796 0.111111 0.063889
0 89 0.419076 0.182701 0.060976 0.053448
0 90 0.253704 0.484259 0.051852 0.103704
0 91 0.076935 0.522207 0.061728 0.175399