0 77 0.649051 0.268519 0.123457 0.076031
0 78 0.181481 0.347222 0.137037 0.051852
0 79 0.381481 0.518981 0.062963 0.186111
0 80 0.290741 0.332870 0.055556 0.145370
0 81 0.430556 0.329630 0.109259 0.094444
0 82 0.497685 0.227778 0.123148 0.124074
0 83 0.312963 0.397222 0.100000 0.075926
0 84 0.474782 0.110810 0.053448 0.033123
0 85 0.616204 0.598611 0.121296 0.149074
0 86 0.602379 0.590334 0.088829 0.075279
0 87 0.437500 0.768056 0.110185 0.045370
0 88 0.275926 0.796759 0.142593 0.097222
0 89 0.282445 0.222222 0.130985 0.073773
0 90 0.188723 0.440906 0.104637 0.063987
0 91 0.098389 0.435637 0.101626 0.119693