0 77 0.707392 0.236902 0.134749 0.098615
0 78 0.157859 0.387835 0.103132 0.156579
0 79 0.369907 0.504630 0.073148 0.168519
0 80 0.289220 0.324977 0.057212 0.110659
0 81 0.432407 0.333333 0.114815 0.100000
0 82 0.482407 0.235185 0.116667 0.144444
0 83 0.333796 0.383333 0.126852 0.050000
0 84 0.502635 0.118714 0.077537 0.036886
0 85 0.603241 0.583796 0.123148 0.165741
0 86 0.612165 0.571515 0.069256 0.096357
0 87 0.431481 0.756019 0.070370 0.076852
0 88 0.280556 0.764352 0.103704 0.115741
0 89 0.254968 0.232761 0.097109 0.103884
0 90 0.158612 0.431497 0.118187 0.061728
0 91 0.116456 0.434508 0.125715 0.081301