0 77 0.585185 0.322685 0.122222 0.058333
0 78 0.205093 0.365278 0.117593 0.121296
0 79 0.388889 0.569907 0.062963 0.184259
0 80 0.291478 0.321590 0.124962 0.081301
0 81 0.405556 0.340278 0.116667 0.100926
0 82 0.520370 0.237963 0.162963 0.057407
0 83 0.272911 0.443364 0.047674 0.133642
0 85 0.656222 0.629125 0.122742 0.152861
0 86 0.602379 0.605766 0.075279 0.070009
0 87 0.458796 0.778241 0.130556 0.052778
0 88 0.312500 0.788889 0.132407 0.083333
0 89 0.311804 0.218458 0.097862 0.051189
0 90 0.222685 0.462963 0.086111 0.101852
0 91 0.084463 0.477040 0.069256 0.157332