0 77 0.523148 0.346296 0.120370 0.070370
0 78 0.264815 0.412963 0.144444 0.107407
0 79 0.382407 0.613426 0.059259 0.202778
0 80 0.286574 0.320833 0.121296 0.069444
0 81 0.402891 0.301265 0.129479 0.064740
0 82 0.550463 0.228704 0.128704 0.122222
0 83 0.282407 0.518056 0.062963 0.139815
0 84 0.266260 0.119467 0.107648 0.035381
0 85 0.678787 0.667118 0.154321 0.165613
0 86 0.622218 0.617355 0.101844 0.099526
0 87 0.474537 0.749074 0.067593 0.050000
0 88 0.305093 0.777315 0.132407 0.080556
0 89 0.410042 0.174044 0.083559 0.051189
0 90 0.249537 0.478241 0.060185 0.112037
0 91 0.079569 0.522584 0.059470 0.173141