0 77 0.584259 0.318519 0.111111 0.059259
0 78 0.197222 0.362500 0.124074 0.110185
0 79 0.389352 0.573148 0.060185 0.162963
0 80 0.300136 0.328365 0.119693 0.090334
0 81 0.408796 0.345833 0.117593 0.104630
0 82 0.523611 0.241667 0.154630 0.059259
0 83 0.280187 0.439777 0.046673 0.133996
0 85 0.638889 0.634259 0.125926 0.140741
0 86 0.610648 0.602315 0.069444 0.073148
0 87 0.453241 0.780093 0.143519 0.060185
0 88 0.310185 0.793981 0.129630 0.089815
0 89 0.285456 0.213565 0.123457 0.036886
0 90 0.218519 0.459722 0.088889 0.091667
0 91 0.082957 0.471018 0.060223 0.152815