0 77 0.699537 0.246759 0.117593 0.080556
0 78 0.165763 0.384447 0.109907 0.140771
0 79 0.369907 0.505556 0.076852 0.170370
0 80 0.289220 0.320461 0.057212 0.115176
0 81 0.433796 0.332407 0.113889 0.098148
0 82 0.481944 0.231481 0.123148 0.144444
0 83 0.336574 0.383796 0.121296 0.050926
0 84 0.496989 0.120220 0.076784 0.039898
0 85 0.600926 0.593981 0.131481 0.149074
0 86 0.612918 0.574526 0.069256 0.081301
0 87 0.437037 0.757870 0.079630 0.071296
0 88 0.278241 0.766667 0.106481 0.118519
0 89 0.265507 0.230126 0.095604 0.097109
0 90 0.157483 0.436390 0.114423 0.074526
0 91 0.117585 0.429991 0.130985 0.082806