0 77 0.638426 0.281019 0.106481 0.071296
0 78 0.175550 0.358100 0.141524 0.065492
0 79 0.383796 0.529630 0.058333 0.175926
0 80 0.288889 0.325049 0.053704 0.134259
0 81 0.429167 0.331481 0.106481 0.096296
0 82 0.512037 0.230556 0.120370 0.118519
0 83 0.308333 0.400926 0.092593 0.088889
0 84 0.491719 0.128124 0.051189 0.055706
0 85 0.619907 0.593519 0.126852 0.150000
0 86 0.601250 0.584688 0.089581 0.079042
0 87 0.437963 0.768981 0.116667 0.039815
0 88 0.279630 0.795370 0.142593 0.103704
0 89 0.271530 0.216953 0.139265 0.057212
0 90 0.195370 0.444907 0.103704 0.071296
0 91 0.094625 0.440906 0.085065 0.121198