0 77 0.740891 0.225610 0.061728 0.103132
0 78 0.122855 0.398374 0.064740 0.176152
0 79 0.361574 0.475926 0.071296 0.174074
0 80 0.297749 0.332140 0.073276 0.106873
0 81 0.427315 0.331944 0.110185 0.093519
0 82 0.484722 0.230093 0.108333 0.141667
0 83 0.356971 0.392728 0.109907 0.074526
0 84 0.524466 0.124360 0.119693 0.048178
0 85 0.621379 0.580266 0.083168 0.163543
0 86 0.579042 0.582054 0.111412 0.070762
0 87 0.455962 0.753689 0.091087 0.048178
0 88 0.271530 0.786811 0.079042 0.076784
0 89 0.217329 0.258732 0.112165 0.113671
0 90 0.139416 0.448434 0.096357 0.100120
0 91 0.104788 0.449563 0.079795 0.103884