0 77 0.740139 0.225986 0.060223 0.100873
0 78 0.121349 0.389717 0.067751 0.172388
0 79 0.361574 0.475463 0.071296 0.176852
0 80 0.286864 0.333213 0.058913 0.118278
0 81 0.429630 0.332407 0.114815 0.092593
0 82 0.483333 0.229630 0.111111 0.142593
0 83 0.356218 0.393104 0.115929 0.072267
0 84 0.518067 0.122102 0.105390 0.049684
0 85 0.622015 0.581387 0.087451 0.160923
0 86 0.586194 0.585441 0.110659 0.074526
0 87 0.444907 0.760648 0.058333 0.039815
0 88 0.273148 0.784259 0.061111 0.077778
0 89 0.208296 0.257603 0.134749 0.112918
0 90 0.138287 0.445423 0.089581 0.071515
0 91 0.111563 0.450693 0.084312 0.083559