0 77 0.621198 0.305405 0.118940 0.091087
0 78 0.181948 0.351442 0.139265 0.078809
0 79 0.387963 0.544907 0.066667 0.175000
0 80 0.293360 0.322343 0.083559 0.106896
0 81 0.417946 0.335140 0.103884 0.099368
0 82 0.521831 0.222599 0.129479 0.115176
0 83 0.294866 0.405525 0.085065 0.110659
0 85 0.628350 0.610659 0.110659 0.167118
0 86 0.620446 0.595604 0.066245 0.108401
0 87 0.444670 0.771379 0.151310 0.059470
0 88 0.290726 0.795092 0.127974 0.118940
0 89 0.274164 0.215824 0.144535 0.047425
0 90 0.194369 0.446552 0.126468 0.082806
0 91 0.082204 0.455209 0.070762 0.136254