0 77 0.758958 0.221846 0.088829 0.083559
0 78 0.099518 0.375790 0.079795 0.055706
0 79 0.357724 0.456715 0.073773 0.164860
0 80 0.308040 0.327989 0.102379 0.086570
0 81 0.434722 0.342593 0.121296 0.094444
0 82 0.460818 0.212240 0.133921 0.160705
0 83 0.402514 0.399503 0.118187 0.065492
0 84 0.532746 0.141674 0.128726 0.078290
0 85 0.604637 0.583819 0.057212 0.208288
0 86 0.588452 0.543285 0.091087 0.077537
0 87 0.451852 0.761111 0.070370 0.040741
0 88 0.256944 0.776852 0.037963 0.079630
0 89 0.193993 0.295619 0.065492 0.148299
0 90 0.128124 0.430744 0.066245 0.109907
0 91 0.109304 0.453704 0.063234 0.107648