0 77 0.767239 0.226363 0.105390 0.089581
0 78 0.105917 0.368263 0.080548 0.070762
0 79 0.358333 0.464352 0.066667 0.167593
0 80 0.301265 0.331752 0.085818 0.107648
0 81 0.431019 0.337963 0.115741 0.101852
0 82 0.467619 0.214295 0.136984 0.160298
0 83 0.383333 0.388426 0.125926 0.073148
0 84 0.525971 0.137157 0.124210 0.066245
0 85 0.610934 0.585358 0.057761 0.196643
0 86 0.582430 0.559846 0.100120 0.059470
0 87 0.458333 0.761574 0.074074 0.045370
0 88 0.257407 0.772222 0.042593 0.103704
0 89 0.207167 0.285456 0.097862 0.130985
0 90 0.137534 0.445799 0.092593 0.117435
0 91 0.110434 0.457468 0.065492 0.113671