0 77 0.727718 0.215824 0.070009 0.103132
0 78 0.136028 0.393104 0.086570 0.185185
0 79 0.367593 0.488426 0.064815 0.165741
0 80 0.285185 0.336111 0.055556 0.127778
0 81 0.431019 0.333333 0.117593 0.096296
0 82 0.482407 0.234722 0.109259 0.143519
0 83 0.359982 0.384824 0.127974 0.060223
0 84 0.510163 0.123607 0.095604 0.045167
0 85 0.613671 0.579042 0.099368 0.153568
0 86 0.592593 0.568880 0.094851 0.068503
0 87 0.448148 0.759722 0.088889 0.054630
0 88 0.277928 0.775143 0.091840 0.106143
0 89 0.218835 0.233514 0.118187 0.105390
0 90 0.140545 0.440530 0.106143 0.072267
0 91 0.116832 0.434131 0.117435 0.080548