0 77 0.528704 0.347685 0.120370 0.054630
0 78 0.259109 0.401762 0.146040 0.119693
0 79 0.384722 0.610648 0.060185 0.199074
0 80 0.288426 0.318981 0.115741 0.062037
0 81 0.402138 0.304276 0.124962 0.072267
0 82 0.551389 0.231481 0.132407 0.125926
0 83 0.282870 0.509722 0.063889 0.137963
0 85 0.677059 0.673641 0.140327 0.154569
0 86 0.626844 0.618187 0.091087 0.088829
0 87 0.478241 0.754167 0.060185 0.045370
0 88 0.307870 0.777315 0.147222 0.099074
0 89 0.414935 0.176679 0.076784 0.048931
0 90 0.235031 0.475640 0.087346 0.115387
0 91 0.081451 0.512421 0.048178 0.161849