0 77 0.767992 0.231256 0.079795 0.081301
0 78 0.105164 0.379554 0.086570 0.055706
0 79 0.349819 0.449187 0.079042 0.175399
0 80 0.293737 0.330247 0.082806 0.094098
0 81 0.433333 0.342130 0.120370 0.097222
0 82 0.461397 0.213471 0.138934 0.153004
0 83 0.399127 0.397245 0.121951 0.070009
0 84 0.533123 0.138663 0.121951 0.079795
0 85 0.610991 0.581131 0.058055 0.218646
0 86 0.592378 0.542709 0.076355 0.079396
0 87 0.447685 0.757407 0.069444 0.035185
0 88 0.263249 0.772132 0.051942 0.095604
0 89 0.202650 0.295619 0.064740 0.152815
0 90 0.126618 0.433755 0.063234 0.121951
0 91 0.113445 0.461984 0.066998 0.124210