0 77 0.640718 0.287338 0.129584 0.079042
0 78 0.183077 0.354336 0.137007 0.068503
0 79 0.381813 0.531617 0.081301 0.194219
0 80 0.292984 0.326107 0.078290 0.118940
0 81 0.426852 0.331944 0.109259 0.097222
0 82 0.514815 0.226389 0.120370 0.117593
0 83 0.301389 0.400926 0.082407 0.096296
0 84 0.483815 0.122855 0.050437 0.046673
0 85 0.628704 0.597685 0.112963 0.150926
0 86 0.609907 0.586194 0.072267 0.074526
0 87 0.441204 0.771759 0.125000 0.034259
0 88 0.289597 0.795092 0.152815 0.115929
0 89 0.276423 0.218835 0.149051 0.060976
0 90 0.190982 0.447681 0.121198 0.083559
0 91 0.085968 0.440530 0.085818 0.144535