0 77 0.543285 0.332882 0.137760 0.070762
0 78 0.255093 0.394444 0.145370 0.109259
0 79 0.387500 0.603704 0.060185 0.196296
0 80 0.287338 0.314438 0.130232 0.059470
0 81 0.407031 0.314438 0.133243 0.066998
0 82 0.550000 0.231944 0.133333 0.128704
0 83 0.283013 0.502932 0.053064 0.129321
0 85 0.700463 0.700000 0.080556 0.107407
0 86 0.623844 0.609538 0.097132 0.088091
0 87 0.480093 0.759259 0.071296 0.048148
0 88 0.311574 0.775463 0.143519 0.100926
0 89 0.381060 0.189476 0.132490 0.071515
0 90 0.234722 0.474537 0.080556 0.112037
0 91 0.080322 0.504893 0.053448 0.157332