0 77 0.754818 0.220340 0.076031 0.082054
0 78 0.105917 0.364122 0.089581 0.095604
0 79 0.358796 0.470370 0.071296 0.177778
0 80 0.301265 0.329118 0.073773 0.102379
0 81 0.427315 0.334259 0.108333 0.094444
0 82 0.483333 0.226389 0.107407 0.143519
0 83 0.381060 0.399503 0.126468 0.070009
0 84 0.518443 0.132641 0.112165 0.060223
0 85 0.619316 0.576408 0.070009 0.191960
0 86 0.581677 0.568880 0.107648 0.059470
0 87 0.456338 0.759335 0.103884 0.038392
0 88 0.262037 0.775000 0.042593 0.090741
0 89 0.210178 0.274164 0.127974 0.121951
0 90 0.133017 0.442036 0.079042 0.097862
0 91 0.110057 0.443541 0.060223 0.084312