0 77 0.626852 0.302778 0.116667 0.072222
0 78 0.185471 0.354133 0.132761 0.074932
0 79 0.388426 0.540741 0.065741 0.174074
0 80 0.292608 0.325354 0.066998 0.115929
0 81 0.423611 0.332407 0.108333 0.096296
0 82 0.517130 0.224537 0.119444 0.115741
0 83 0.294907 0.406019 0.076852 0.108333
0 85 0.632867 0.600497 0.104637 0.161849
0 86 0.618564 0.582806 0.065492 0.090334
0 87 0.442593 0.771759 0.131481 0.034259
0 88 0.291478 0.793210 0.129479 0.121198
0 89 0.279434 0.213565 0.153568 0.070009
0 90 0.195122 0.448058 0.118940 0.082806
0 91 0.093496 0.449187 0.090334 0.149804