0 77 0.712662 0.212812 0.110659 0.112165
0 78 0.148073 0.394610 0.095604 0.173141
0 79 0.368056 0.493981 0.075000 0.176852
0 80 0.281316 0.329494 0.047425 0.115176
0 81 0.431481 0.333333 0.118519 0.098148
0 82 0.482407 0.235648 0.114815 0.147222
0 83 0.348611 0.379167 0.152778 0.049074
0 84 0.509786 0.122855 0.111412 0.049684
0 85 0.608796 0.582407 0.115741 0.164815
0 86 0.600873 0.562858 0.076784 0.098615
0 87 0.431944 0.762037 0.062037 0.064815
0 88 0.280556 0.765741 0.101852 0.114815
0 89 0.235396 0.237654 0.122704 0.113671
0 90 0.152213 0.437142 0.105390 0.083559
0 91 0.117961 0.433379 0.118187 0.101626