0 77 0.582870 0.297685 0.097222 0.100926
0 78 0.186525 0.362270 0.128606 0.102319
0 79 0.389973 0.553403 0.064499 0.182084
0 80 0.286209 0.329494 0.117435 0.091087
0 81 0.410185 0.340741 0.122222 0.100000
0 82 0.514352 0.247222 0.152778 0.055556
0 83 0.280612 0.427593 0.059372 0.109628
0 85 0.631621 0.629855 0.112684 0.142276
0 86 0.608777 0.599744 0.057964 0.077537
0 87 0.452315 0.781019 0.128704 0.058333
0 88 0.306481 0.797685 0.122222 0.093519
0 89 0.269648 0.212060 0.130985 0.050437
0 90 0.213426 0.459259 0.089815 0.090741
0 91 0.084839 0.468383 0.074526 0.147546