0 77 0.721695 0.214694 0.092593 0.114423
0 78 0.141674 0.389341 0.085818 0.177657
0 79 0.370370 0.492130 0.064815 0.176852
0 80 0.288844 0.328365 0.039898 0.117435
0 81 0.430556 0.332870 0.118519 0.097222
0 82 0.481481 0.233796 0.116667 0.149074
0 83 0.355465 0.379554 0.130985 0.054201
0 84 0.510539 0.124360 0.096357 0.042156
0 85 0.611111 0.582870 0.111111 0.158333
0 86 0.606813 0.562873 0.070927 0.083529
0 87 0.440741 0.757870 0.072222 0.062037
0 88 0.280093 0.767593 0.095370 0.107407
0 89 0.227868 0.232008 0.115176 0.105390
0 90 0.148073 0.445799 0.107648 0.076784
0 91 0.117585 0.426227 0.112918 0.078290