0 77 0.728094 0.219587 0.087323 0.119693
0 78 0.135276 0.396116 0.080548 0.186691
0 79 0.368056 0.488889 0.067593 0.170370
0 80 0.285648 0.335648 0.054630 0.125000
0 81 0.432407 0.333333 0.120370 0.096296
0 82 0.482407 0.234259 0.111111 0.144444
0 83 0.354336 0.379931 0.125715 0.056459
0 84 0.517314 0.131135 0.115929 0.058717
0 85 0.614352 0.584259 0.110185 0.151852
0 86 0.597109 0.570385 0.088829 0.082054
0 87 0.447222 0.757407 0.087037 0.057407
0 88 0.279630 0.770833 0.088889 0.106481
0 89 0.224857 0.233138 0.113671 0.098615
0 90 0.147696 0.438648 0.106896 0.079042
0 91 0.114574 0.429238 0.123457 0.070762