0 77 0.536081 0.317867 0.105495 0.099450
0 78 0.238426 0.383333 0.132407 0.105556
0 79 0.390278 0.599074 0.060185 0.183333
0 80 0.287715 0.324601 0.129479 0.061728
0 81 0.402138 0.317826 0.140018 0.084312
0 82 0.542593 0.228241 0.135185 0.110185
0 83 0.289815 0.491204 0.046296 0.117593
0 85 0.689107 0.687541 0.092156 0.110102
0 86 0.618940 0.613671 0.090334 0.076784
0 87 0.487037 0.773148 0.064815 0.061111
0 88 0.312037 0.776852 0.144444 0.103704
0 89 0.358476 0.190605 0.167118 0.064740
0 90 0.237963 0.479630 0.081481 0.125926
0 91 0.074300 0.495860 0.056459 0.166366