0 77 0.758205 0.219587 0.084312 0.079042
0 78 0.111435 0.368202 0.071018 0.091960
0 79 0.358333 0.467593 0.075926 0.179630
0 80 0.295995 0.320084 0.063234 0.094851
0 81 0.428241 0.334259 0.110185 0.096296
0 82 0.482407 0.225000 0.109259 0.142593
0 83 0.375956 0.392664 0.114755 0.068375
0 84 0.522207 0.131135 0.119693 0.052695
0 85 0.614724 0.576931 0.066847 0.203546
0 86 0.586947 0.571138 0.101626 0.059470
0 87 0.464352 0.757407 0.093519 0.037037
0 88 0.258333 0.774074 0.046296 0.096296
0 89 0.210178 0.279434 0.106896 0.135501
0 90 0.134146 0.443165 0.088829 0.100120
0 91 0.113821 0.454833 0.063234 0.111412