0 77 0.675463 0.257870 0.112037 0.069444
0 78 0.166667 0.353704 0.127778 0.085185
0 79 0.369907 0.511111 0.078704 0.177778
0 80 0.286962 0.323095 0.052695 0.127974
0 81 0.429167 0.325463 0.099074 0.086111
0 82 0.488889 0.234722 0.120370 0.136111
0 83 0.328704 0.384722 0.120370 0.060185
0 84 0.486073 0.121725 0.073020 0.041403
0 85 0.598611 0.601852 0.123148 0.146296
0 86 0.611412 0.579795 0.085818 0.076784
0 87 0.441667 0.765741 0.092593 0.048148
0 88 0.277315 0.797685 0.110185 0.075000
0 89 0.278681 0.228621 0.123457 0.098615
0 90 0.163129 0.441283 0.140771 0.058717
0 91 0.105164 0.428109 0.115176 0.107648