0 77 0.527315 0.348148 0.119444 0.059259
0 78 0.264352 0.411574 0.139815 0.104630
0 79 0.383796 0.612037 0.062037 0.198148
0 80 0.285185 0.319444 0.122222 0.064815
0 81 0.409259 0.315741 0.137037 0.083333
0 82 0.550463 0.230093 0.130556 0.125000
0 83 0.282407 0.519907 0.062963 0.119444
0 85 0.679539 0.677657 0.154321 0.150557
0 86 0.627661 0.615011 0.109026 0.096688
0 87 0.476389 0.752778 0.063889 0.044444
0 88 0.307870 0.775926 0.145370 0.096296
0 89 0.415688 0.178184 0.078290 0.063987
0 90 0.251852 0.483333 0.053704 0.098148
0 91 0.080322 0.512045 0.054953 0.162602