0 77 0.765357 0.227868 0.103132 0.083559
0 78 0.103282 0.369015 0.087323 0.058717
0 79 0.351701 0.450693 0.081301 0.176905
0 80 0.299006 0.334764 0.084312 0.101626
0 81 0.432407 0.340278 0.116667 0.100926
0 82 0.482870 0.223611 0.108333 0.143519
0 83 0.395363 0.397245 0.132490 0.080548
0 85 0.605578 0.582927 0.066621 0.195483
0 86 0.589337 0.549511 0.089845 0.082460
0 87 0.455093 0.760185 0.067593 0.042593
0 88 0.256481 0.774074 0.040741 0.098148
0 89 0.201897 0.295995 0.094851 0.146040
0 90 0.132264 0.445047 0.063987 0.130985
0 91 0.104411 0.453327 0.074526 0.123457