0 77 0.632870 0.300926 0.113889 0.072222
0 78 0.184959 0.353207 0.122704 0.076784
0 79 0.387037 0.537037 0.062963 0.179630
0 80 0.295619 0.324225 0.065492 0.113671
0 81 0.426852 0.331944 0.111111 0.097222
0 82 0.515278 0.225926 0.123148 0.118519
0 83 0.302394 0.406278 0.088076 0.100120
0 84 0.480051 0.115327 0.042909 0.039145
0 85 0.635878 0.602379 0.107648 0.155074
0 86 0.610283 0.592593 0.059470 0.085818
0 87 0.441283 0.774390 0.126468 0.042909
0 88 0.281316 0.794339 0.149804 0.120446
0 89 0.274541 0.217329 0.133243 0.048931
0 90 0.191358 0.448434 0.115929 0.082054
0 91 0.091614 0.439401 0.103132 0.127221