0 77 0.755194 0.227492 0.109907 0.081301
0 78 0.104035 0.375414 0.082806 0.060976
0 79 0.356218 0.453704 0.064740 0.164860
0 80 0.295995 0.331000 0.082806 0.097109
0 81 0.431944 0.341204 0.117593 0.097222
0 82 0.464262 0.214962 0.136292 0.157114
0 83 0.397621 0.397245 0.127974 0.070009
0 84 0.538392 0.143180 0.111412 0.079795
0 85 0.607084 0.585185 0.063610 0.200000
0 86 0.591712 0.545141 0.079539 0.078237
0 87 0.449940 0.758958 0.080548 0.048178
0 88 0.260991 0.772132 0.053448 0.097109
0 89 0.208296 0.292231 0.070009 0.126468
0 90 0.130006 0.438272 0.062481 0.120446
0 91 0.112316 0.457844 0.064740 0.120446