0 77 0.600463 0.304630 0.089815 0.081481
0 78 0.181948 0.353207 0.139265 0.084312
0 79 0.388889 0.546296 0.068519 0.174074
0 80 0.294828 0.322903 0.089657 0.084696
0 81 0.415278 0.333333 0.106481 0.101852
0 82 0.515432 0.220717 0.131737 0.114423
0 83 0.290726 0.412301 0.088829 0.112165
0 85 0.631621 0.608341 0.112684 0.168503
0 86 0.623457 0.588829 0.069256 0.097862
0 87 0.447222 0.770370 0.142593 0.046296
0 88 0.291204 0.795370 0.128704 0.124074
0 89 0.267389 0.214694 0.143029 0.049684
0 90 0.196296 0.450926 0.114815 0.083333
0 91 0.084463 0.450316 0.061728 0.161096