0 77 0.585065 0.327612 0.127974 0.060223
0 78 0.197380 0.358476 0.130985 0.117435
0 79 0.389352 0.573611 0.062037 0.182407
0 80 0.294490 0.323848 0.112918 0.084312
0 81 0.402138 0.331376 0.121951 0.078290
0 82 0.520370 0.232407 0.164815 0.064815
0 83 0.285080 0.448058 0.056459 0.127974
0 85 0.667657 0.630601 0.110983 0.157317
0 86 0.603132 0.604261 0.060223 0.076031
0 87 0.464815 0.775000 0.114815 0.048148
0 88 0.303523 0.782671 0.156579 0.100120
0 89 0.300888 0.205285 0.119693 0.066998
0 90 0.225000 0.464352 0.083333 0.102778
0 91 0.081075 0.481180 0.047425 0.150557