0 77 0.532407 0.345370 0.120370 0.051852
0 78 0.261111 0.407407 0.137037 0.100000
0 79 0.386574 0.607870 0.060185 0.197222
0 80 0.287037 0.317593 0.118519 0.057407
0 81 0.405149 0.310298 0.127974 0.064740
0 82 0.549074 0.231481 0.129630 0.129630
0 83 0.283623 0.509259 0.062037 0.135185
0 85 0.671240 0.674277 0.148261 0.158853
0 86 0.619316 0.617435 0.091087 0.088829
0 87 0.479630 0.755093 0.062963 0.045370
0 88 0.311574 0.776389 0.145370 0.099074
0 89 0.412301 0.173291 0.077537 0.045167
0 90 0.237500 0.478704 0.078704 0.112963
0 91 0.084839 0.511668 0.056459 0.151310