0 77 0.769121 0.233138 0.094098 0.100120
0 78 0.105164 0.361488 0.089581 0.087323
0 79 0.361574 0.467130 0.069444 0.173148
0 80 0.305781 0.324601 0.091840 0.093345
0 81 0.429630 0.336111 0.112963 0.100000
0 82 0.481019 0.224537 0.112037 0.141667
0 83 0.375038 0.394610 0.112918 0.067751
0 84 0.521454 0.128877 0.125715 0.052695
0 85 0.613162 0.575049 0.060712 0.207310
0 86 0.588829 0.572644 0.102379 0.053448
0 87 0.463889 0.757870 0.090741 0.036111
0 88 0.258333 0.772222 0.038889 0.101852
0 89 0.211683 0.278681 0.118940 0.127974
0 90 0.131135 0.440154 0.091840 0.103132
0 91 0.113068 0.446929 0.063234 0.112165