0 77 0.537037 0.318056 0.100000 0.097222
0 78 0.235020 0.375790 0.120446 0.118940
0 79 0.389815 0.592130 0.061111 0.189815
0 80 0.295619 0.318955 0.109154 0.060976
0 81 0.407407 0.323472 0.138512 0.077537
0 82 0.534722 0.224074 0.139815 0.109259
0 83 0.295242 0.489461 0.037639 0.124962
0 85 0.673502 0.652364 0.119663 0.176754
0 86 0.622704 0.617058 0.093345 0.080548
0 87 0.483796 0.769444 0.050926 0.051852
0 88 0.313889 0.775926 0.142593 0.109259
0 89 0.355089 0.203779 0.157332 0.083559
0 90 0.235185 0.470833 0.081481 0.110185
0 91 0.078440 0.492472 0.046673 0.159590