0 77 0.717179 0.218835 0.095604 0.110659
0 78 0.142803 0.396116 0.100120 0.189702
0 79 0.371759 0.495370 0.067593 0.174074
0 80 0.287963 0.336111 0.053704 0.129630
0 81 0.431944 0.333796 0.119444 0.097222
0 82 0.481944 0.236574 0.113889 0.145370
0 83 0.347685 0.376852 0.154630 0.051852
0 84 0.512045 0.127371 0.103884 0.058717
0 85 0.609722 0.585185 0.113889 0.157407
0 86 0.606143 0.561352 0.076784 0.091087
0 87 0.433333 0.761574 0.059259 0.060185
0 88 0.280093 0.765278 0.099074 0.113889
0 89 0.231632 0.235020 0.124210 0.115929
0 90 0.148449 0.443165 0.106896 0.088076
0 91 0.114198 0.434884 0.116682 0.094098