0 77 0.538832 0.319922 0.116554 0.099044
0 78 0.240665 0.381813 0.154321 0.112918
0 79 0.389815 0.603241 0.059259 0.184259
0 80 0.284703 0.312933 0.120446 0.057964
0 81 0.405093 0.318519 0.139815 0.072222
0 82 0.545370 0.231019 0.125926 0.117593
0 83 0.291392 0.496112 0.044994 0.123705
0 85 0.697222 0.695833 0.077778 0.102778
0 86 0.620604 0.613449 0.089145 0.077846
0 87 0.487963 0.769444 0.061111 0.061111
0 88 0.311574 0.776852 0.145370 0.103704
0 89 0.366757 0.194369 0.161096 0.073773
0 90 0.234259 0.473148 0.085185 0.116667
0 91 0.073611 0.506481 0.043519 0.161111