0 77 0.726212 0.213942 0.077537 0.109907
0 78 0.124360 0.390470 0.084312 0.167871
0 79 0.365251 0.486073 0.076784 0.170882
0 80 0.284722 0.329167 0.052778 0.112037
0 81 0.431481 0.332870 0.116667 0.095370
0 82 0.481944 0.231481 0.110185 0.144444
0 83 0.358853 0.384824 0.115176 0.061728
0 84 0.519572 0.127371 0.109907 0.048178
0 85 0.617058 0.583183 0.101626 0.163354
0 86 0.589205 0.570385 0.101626 0.062481
0 87 0.443519 0.760648 0.079630 0.047222
0 88 0.276389 0.777778 0.075000 0.090741
0 89 0.221846 0.245182 0.134749 0.116682
0 90 0.144309 0.438648 0.103132 0.071515
0 91 0.118338 0.433755 0.114423 0.069256