0 77 0.542713 0.321819 0.103704 0.099074
0 78 0.236111 0.380093 0.125926 0.112037
0 79 0.389352 0.595833 0.062037 0.187963
0 80 0.294113 0.317826 0.113671 0.060223
0 81 0.409289 0.325730 0.140771 0.076031
0 82 0.526389 0.227315 0.156481 0.110185
0 83 0.288844 0.490214 0.045920 0.118940
0 85 0.682535 0.681229 0.101596 0.124578
0 86 0.625715 0.623833 0.075279 0.083559
0 87 0.485648 0.768519 0.058333 0.051852
0 88 0.312963 0.778241 0.144444 0.100926
0 89 0.353207 0.201144 0.155074 0.082806
0 90 0.235185 0.470833 0.085185 0.117593
0 91 0.078817 0.497742 0.054953 0.162602