0 77 0.716204 0.225926 0.141667 0.120370
0 78 0.163129 0.385577 0.094098 0.161096
0 79 0.369907 0.506944 0.075000 0.165741
0 80 0.291478 0.319708 0.052695 0.121198
0 81 0.432407 0.332870 0.112963 0.099074
0 82 0.482407 0.232407 0.120370 0.150000
0 83 0.333333 0.383333 0.124074 0.051852
0 84 0.500753 0.123231 0.099368 0.047425
0 85 0.600463 0.587037 0.130556 0.162963
0 86 0.609154 0.576784 0.073773 0.100873
0 87 0.433796 0.756481 0.076852 0.074074
0 88 0.279167 0.764352 0.104630 0.119444
0 89 0.265884 0.232385 0.099368 0.089581
0 90 0.161623 0.436766 0.112165 0.058717
0 91 0.111939 0.426980 0.107648 0.078290