0 77 0.599537 0.300000 0.091667 0.081481
0 78 0.183077 0.361488 0.137007 0.093345
0 79 0.387963 0.547222 0.070370 0.175926
0 80 0.291855 0.323848 0.089581 0.106896
0 81 0.416667 0.335185 0.112963 0.100000
0 82 0.513889 0.232870 0.133333 0.095370
0 83 0.287338 0.408913 0.077537 0.112918
0 85 0.632257 0.614796 0.116968 0.164852
0 86 0.622328 0.594475 0.062481 0.092593
0 87 0.446296 0.770833 0.142593 0.050926
0 88 0.300463 0.806481 0.110185 0.101852
0 89 0.273412 0.220340 0.149051 0.051942
0 90 0.204174 0.452691 0.100911 0.089062
0 91 0.091990 0.451822 0.085818 0.159590