0 77 0.762722 0.197757 0.109907 0.082054
0 78 0.106293 0.364499 0.087323 0.097862
0 79 0.362993 0.474782 0.069256 0.176905
0 80 0.289220 0.326107 0.061728 0.093345
0 81 0.427778 0.332870 0.109259 0.093519
0 82 0.483796 0.225926 0.108333 0.142593
0 83 0.371274 0.393857 0.124962 0.069256
0 84 0.519572 0.129253 0.118940 0.057964
0 85 0.620069 0.577160 0.077537 0.185938
0 86 0.589958 0.574526 0.097109 0.058717
0 87 0.455209 0.760464 0.089581 0.045167
0 88 0.262496 0.776272 0.060976 0.087323
0 89 0.218835 0.273788 0.110659 0.118187
0 90 0.135652 0.446176 0.079795 0.106143
0 91 0.108928 0.448058 0.062481 0.084312