0 77 0.752936 0.222599 0.069256 0.094098
0 78 0.120596 0.394234 0.057212 0.158838
0 79 0.360735 0.469512 0.073773 0.176905
0 80 0.288467 0.325354 0.058717 0.103884
0 81 0.426852 0.332407 0.109259 0.092593
0 82 0.483796 0.226852 0.108333 0.142593
0 83 0.372026 0.395739 0.129479 0.074526
0 84 0.524466 0.128124 0.122704 0.052695
0 85 0.619693 0.579419 0.078290 0.178410
0 86 0.582806 0.573020 0.103884 0.067751
0 87 0.449563 0.758205 0.096357 0.043662
0 88 0.258333 0.785648 0.053704 0.069444
0 89 0.215447 0.271530 0.137007 0.125715
0 90 0.144309 0.440530 0.100120 0.100873
0 91 0.101024 0.439777 0.078290 0.103884