0 77 0.593981 0.296296 0.097222 0.088889
0 78 0.179313 0.362240 0.135501 0.099368
0 79 0.387500 0.550463 0.071296 0.176852
0 80 0.288844 0.323848 0.103132 0.096357
0 81 0.417130 0.337963 0.119444 0.100000
0 82 0.518981 0.250926 0.139815 0.057407
0 83 0.284703 0.416441 0.051189 0.121951
0 85 0.631944 0.628241 0.123148 0.145370
0 86 0.619316 0.592216 0.054953 0.091087
0 87 0.451389 0.777315 0.119444 0.049074
0 88 0.302315 0.802315 0.119444 0.100926
0 89 0.275670 0.217706 0.114423 0.046673
0 90 0.200463 0.456944 0.110185 0.086111
0 91 0.082204 0.461984 0.081301 0.140771