0 77 0.649285 0.264378 0.124496 0.084312
0 78 0.181944 0.347685 0.143519 0.050926
0 79 0.381481 0.522222 0.061111 0.183333
0 80 0.291204 0.334259 0.052778 0.142593
0 81 0.429167 0.330093 0.106481 0.093519
0 82 0.503704 0.233796 0.111111 0.125000
0 83 0.313889 0.400000 0.100000 0.081481
0 84 0.484568 0.118714 0.059470 0.026347
0 85 0.615278 0.596296 0.125000 0.148148
0 86 0.602002 0.591463 0.092593 0.077537
0 87 0.437500 0.768981 0.112037 0.041667
0 88 0.276852 0.796759 0.144444 0.099074
0 89 0.277176 0.215824 0.146040 0.066998
0 90 0.189100 0.440906 0.115929 0.073020
0 91 0.095754 0.438648 0.087323 0.119693