0 77 0.573148 0.327315 0.109259 0.071296
0 78 0.211683 0.365251 0.127974 0.124962
0 79 0.388889 0.575463 0.061111 0.184259
0 80 0.292231 0.324977 0.129479 0.082054
0 81 0.408333 0.330093 0.118519 0.078704
0 82 0.518056 0.229630 0.165741 0.068519
0 83 0.284301 0.467137 0.044362 0.113904
0 85 0.677281 0.630232 0.106143 0.161096
0 86 0.612500 0.606481 0.063889 0.072222
0 87 0.470833 0.773148 0.100926 0.048148
0 88 0.303790 0.784361 0.164642 0.103500
0 89 0.326859 0.201897 0.130985 0.073773
0 90 0.225610 0.461232 0.089581 0.116682
0 91 0.078817 0.484944 0.060976 0.167118