0 77 0.678410 0.251204 0.129479 0.104637
0 78 0.170833 0.349074 0.132407 0.074074
0 79 0.372222 0.512963 0.075926 0.179630
0 80 0.291204 0.332407 0.056481 0.138889
0 81 0.432407 0.326389 0.105556 0.087963
0 82 0.487037 0.234259 0.125926 0.144444
0 83 0.329167 0.385648 0.126852 0.063889
0 84 0.496236 0.120596 0.079795 0.046673
0 85 0.601852 0.608333 0.116667 0.135185
0 86 0.605014 0.584312 0.074526 0.075279
0 87 0.441667 0.765278 0.096296 0.052778
0 88 0.265790 0.788211 0.144347 0.097651
0 89 0.278681 0.225233 0.115929 0.084312
0 90 0.169151 0.439024 0.122704 0.070762
0 91 0.109304 0.428109 0.123457 0.106143