0 77 0.567171 0.322094 0.122298 0.090831
0 78 0.230126 0.360735 0.098615 0.127974
0 79 0.388889 0.588426 0.061111 0.187963
0 80 0.299006 0.311804 0.130985 0.049684
0 81 0.409666 0.323848 0.106896 0.058717
0 82 0.525926 0.223148 0.148148 0.098148
0 83 0.284259 0.483796 0.051852 0.102778
0 85 0.670942 0.644945 0.111292 0.146725
0 86 0.625463 0.611111 0.080556 0.072222
0 87 0.493519 0.770833 0.059259 0.052778
0 88 0.316204 0.779167 0.139815 0.108333
0 89 0.350572 0.204155 0.152815 0.087323
0 90 0.227115 0.460855 0.103132 0.105390
0 91 0.082204 0.487955 0.064740 0.171635