0 77 0.578704 0.328241 0.111111 0.063889
0 78 0.214694 0.376543 0.135501 0.143029
0 79 0.388889 0.575000 0.061111 0.179630
0 80 0.291478 0.323472 0.140018 0.077537
0 81 0.411924 0.326107 0.124962 0.072267
0 82 0.519444 0.231944 0.162963 0.065741
0 83 0.280827 0.464758 0.049458 0.105668
0 85 0.670754 0.631150 0.106640 0.159922
0 86 0.606143 0.606519 0.054201 0.079042
0 87 0.468056 0.774074 0.106481 0.048148
0 88 0.300606 0.779961 0.167307 0.106745
0 89 0.317073 0.201144 0.146040 0.073773
0 90 0.222599 0.461608 0.086570 0.108401
0 91 0.075053 0.481933 0.065492 0.161096