0 77 0.680292 0.263249 0.136254 0.109154
0 78 0.172222 0.352315 0.135185 0.071296
0 79 0.378241 0.518056 0.062037 0.171296
0 80 0.290741 0.332870 0.057407 0.139815
0 81 0.431497 0.331752 0.111412 0.100120
0 82 0.487203 0.234267 0.121951 0.135501
0 83 0.328241 0.387963 0.132407 0.070370
0 84 0.484192 0.120220 0.076784 0.039898
0 85 0.608401 0.608777 0.120446 0.130232
0 86 0.612165 0.591087 0.088829 0.066245
0 87 0.440741 0.762963 0.100000 0.057407
0 88 0.264002 0.792833 0.140771 0.097862
0 89 0.280939 0.223728 0.127974 0.079795
0 90 0.172538 0.439024 0.117435 0.070762
0 91 0.101777 0.430367 0.112918 0.109154