0 77 0.748796 0.230879 0.070009 0.107648
0 78 0.122855 0.394610 0.061728 0.176152
0 79 0.360358 0.477040 0.066998 0.175399
0 80 0.302469 0.331967 0.086420 0.110230
0 81 0.426852 0.331944 0.109259 0.091667
0 82 0.484259 0.228704 0.109259 0.142593
0 83 0.366381 0.400256 0.137760 0.074526
0 84 0.522960 0.127371 0.113671 0.043662
0 85 0.620784 0.585441 0.086646 0.170882
0 86 0.583559 0.577913 0.112918 0.070009
0 87 0.456625 0.757453 0.076212 0.039145
0 88 0.262496 0.783424 0.066998 0.085065
0 89 0.211307 0.251957 0.133243 0.107648
0 90 0.138663 0.439777 0.094851 0.091840
0 91 0.110434 0.453327 0.077537 0.094851