0 77 0.662978 0.274541 0.131737 0.085065
0 78 0.173611 0.350000 0.134259 0.064815
0 79 0.378241 0.518519 0.062037 0.175926
0 80 0.290278 0.332870 0.056481 0.141667
0 81 0.430556 0.326852 0.103704 0.088889
0 82 0.492130 0.231944 0.123148 0.137963
0 83 0.327778 0.387037 0.127778 0.070370
0 84 0.484192 0.120596 0.072267 0.036134
0 85 0.610185 0.606481 0.112963 0.137037
0 86 0.610283 0.594098 0.085065 0.067751
0 87 0.440278 0.761111 0.100926 0.061111
0 88 0.279630 0.796759 0.124074 0.086111
0 90 0.181572 0.440530 0.120446 0.070762
0 91 0.102153 0.432626 0.113671 0.118187