0 77 0.710027 0.228997 0.111412 0.100873
0 78 0.150708 0.374661 0.091840 0.127221
0 79 0.370370 0.505093 0.072222 0.165741
0 80 0.286962 0.324601 0.052695 0.120446
0 81 0.431019 0.333333 0.113889 0.098148
0 82 0.481481 0.237963 0.114815 0.140741
0 83 0.333333 0.381019 0.133333 0.050926
0 84 0.503388 0.120596 0.103132 0.039145
0 85 0.604630 0.583333 0.118519 0.162963
0 86 0.606143 0.567751 0.075279 0.096357
0 87 0.431944 0.758796 0.067593 0.071296
0 88 0.281019 0.765278 0.104630 0.115741
0 89 0.251581 0.236525 0.114423 0.114423
0 90 0.151460 0.439024 0.121951 0.073773
0 91 0.116079 0.434131 0.121951 0.085065