0 77 0.728847 0.218082 0.067751 0.112165
0 78 0.128500 0.398750 0.080548 0.179916
0 79 0.365278 0.484722 0.069444 0.167593
0 80 0.284259 0.337500 0.055556 0.130556
0 81 0.431019 0.333333 0.117593 0.096296
0 82 0.481944 0.232407 0.112037 0.148148
0 83 0.353960 0.384071 0.126468 0.058717
0 84 0.515432 0.124360 0.101626 0.045167
0 85 0.616305 0.588076 0.101626 0.155074
0 86 0.591463 0.571891 0.095604 0.070009
0 87 0.445799 0.755947 0.090334 0.061728
0 88 0.275294 0.772885 0.094098 0.106143
0 89 0.223351 0.232008 0.112165 0.094851
0 90 0.140545 0.435637 0.113671 0.068503
0 91 0.120596 0.434131 0.117435 0.076031