0 77 0.672685 0.261111 0.117593 0.070370
0 78 0.169444 0.350463 0.133333 0.078704
0 79 0.370370 0.511574 0.079630 0.180556
0 80 0.290278 0.333796 0.056481 0.139815
0 81 0.431019 0.326389 0.102778 0.087963
0 82 0.486111 0.231481 0.125926 0.140741
0 83 0.329167 0.385185 0.123148 0.061111
0 84 0.495860 0.117209 0.077537 0.029359
0 85 0.600000 0.606019 0.122222 0.141667
0 86 0.610659 0.583183 0.085818 0.080548
0 87 0.444471 0.753771 0.090688 0.073939
0 88 0.277315 0.796759 0.113889 0.076852
0 89 0.281692 0.222975 0.149051 0.084312
0 90 0.172915 0.440530 0.112165 0.064740
0 91 0.108175 0.431120 0.107648 0.091087