0 77 0.544907 0.317593 0.102778 0.094444
0 78 0.233890 0.366757 0.112165 0.123457
0 79 0.388889 0.591667 0.061111 0.190741
0 80 0.299006 0.317073 0.117435 0.049684
0 81 0.403643 0.325354 0.121951 0.081301
0 82 0.522960 0.227115 0.160343 0.101626
0 83 0.288467 0.482686 0.037639 0.118940
0 85 0.669535 0.659681 0.131301 0.156399
0 86 0.629167 0.618056 0.084259 0.062037
0 87 0.491204 0.770370 0.062037 0.053704
0 88 0.314352 0.776852 0.143519 0.111111
0 89 0.345679 0.205661 0.155074 0.091840
0 90 0.228621 0.461608 0.086570 0.115929
0 91 0.079946 0.491343 0.061728 0.158838