0 77 0.684259 0.246296 0.118519 0.081481
0 78 0.168398 0.350139 0.116682 0.079908
0 79 0.370370 0.508333 0.079630 0.174074
0 80 0.289352 0.331944 0.056481 0.136111
0 81 0.431481 0.327778 0.107407 0.090741
0 82 0.486111 0.234259 0.125926 0.140741
0 83 0.334259 0.384722 0.124074 0.056481
0 84 0.488332 0.119467 0.076031 0.039898
0 85 0.594907 0.596759 0.125000 0.150926
0 86 0.606519 0.586570 0.086570 0.082806
0 87 0.443981 0.756481 0.082407 0.070370
0 88 0.273611 0.773611 0.115741 0.115741
0 90 0.166140 0.437895 0.134749 0.080548
0 91 0.107938 0.426178 0.106617 0.094949