0 77 0.761969 0.232008 0.102379 0.082806
0 78 0.102906 0.372026 0.088076 0.049684
0 79 0.351325 0.447305 0.083559 0.186691
0 80 0.298630 0.334011 0.088076 0.098615
0 81 0.431944 0.340741 0.117593 0.100000
0 82 0.466520 0.215801 0.131775 0.157287
0 83 0.398374 0.396116 0.117435 0.064740
0 84 0.534628 0.141298 0.118940 0.077537
0 85 0.606707 0.582261 0.064363 0.192299
0 86 0.586819 0.546357 0.081798 0.077657
0 87 0.451852 0.759259 0.066667 0.040741
0 88 0.256440 0.771597 0.036954 0.097546
0 89 0.208296 0.294490 0.076031 0.147546
0 90 0.125866 0.436766 0.069256 0.124962
0 91 0.105540 0.453327 0.064740 0.117435