0 77 0.642276 0.292984 0.124962 0.100873
0 78 0.181195 0.352078 0.137760 0.076031
0 79 0.384259 0.528241 0.062963 0.191667
0 80 0.288844 0.325730 0.054953 0.116682
0 81 0.430093 0.331019 0.113889 0.097222
0 82 0.498871 0.220340 0.146793 0.127221
0 83 0.303241 0.400463 0.084259 0.093519
0 84 0.480051 0.123231 0.054953 0.047425
0 85 0.625000 0.594907 0.118519 0.149074
0 86 0.608025 0.587323 0.080548 0.087323
0 87 0.439815 0.768519 0.122222 0.038889
0 88 0.280556 0.794444 0.148148 0.112963
0 89 0.274541 0.223351 0.130232 0.063987
0 90 0.191358 0.444670 0.114423 0.073020
0 91 0.088603 0.438272 0.082054 0.132490