0 77 0.584158 0.300617 0.107204 0.095062
0 78 0.200000 0.363426 0.125926 0.104630
0 79 0.389815 0.568056 0.061111 0.156481
0 80 0.288844 0.332505 0.113671 0.091087
0 81 0.405556 0.342593 0.120370 0.101852
0 82 0.518056 0.244444 0.160185 0.055556
0 83 0.278704 0.431944 0.046296 0.117593
0 85 0.635125 0.630232 0.119693 0.149051
0 86 0.611574 0.604630 0.067593 0.068519
0 87 0.454630 0.782407 0.138889 0.064815
0 88 0.309722 0.795370 0.126852 0.090741
0 89 0.276423 0.209425 0.132490 0.046673
0 90 0.216204 0.460648 0.093519 0.091667
0 91 0.083710 0.467630 0.070762 0.147546