0 77 0.552778 0.317593 0.111111 0.094444
0 78 0.234267 0.372026 0.115929 0.120446
0 79 0.387963 0.588889 0.061111 0.190741
0 80 0.303523 0.325730 0.115929 0.073020
0 81 0.414182 0.327612 0.115929 0.082806
0 82 0.525971 0.225986 0.158838 0.097862
0 83 0.284722 0.483796 0.052778 0.108333
0 85 0.673965 0.657693 0.120589 0.151280
0 86 0.633619 0.623080 0.085065 0.074526
0 87 0.492593 0.770370 0.061111 0.053704
0 88 0.315278 0.777778 0.141667 0.111111
0 89 0.344926 0.201521 0.158085 0.089581
0 90 0.228429 0.469192 0.080932 0.114310
0 91 0.076558 0.486450 0.066998 0.176152