0 77 0.724706 0.218082 0.095604 0.118187
0 78 0.141298 0.396116 0.089581 0.167118
0 79 0.372685 0.495370 0.063889 0.172222
0 80 0.287500 0.332407 0.052778 0.120370
0 81 0.431944 0.333333 0.121296 0.098148
0 82 0.481944 0.235185 0.117593 0.150000
0 83 0.350000 0.378241 0.153704 0.049074
0 84 0.507904 0.126242 0.098615 0.056459
0 85 0.611186 0.580729 0.110961 0.164469
0 86 0.605014 0.563987 0.077537 0.100873
0 87 0.436574 0.761111 0.063889 0.057407
0 88 0.280556 0.766204 0.096296 0.112037
0 89 0.231632 0.232385 0.116682 0.118187
0 90 0.152590 0.446176 0.109154 0.077537
0 91 0.114198 0.433002 0.116682 0.070762