0 77 0.537124 0.322760 0.109432 0.089664
0 78 0.240782 0.379776 0.142510 0.116373
0 79 0.389815 0.600000 0.059259 0.185185
0 80 0.288467 0.308793 0.120446 0.046673
0 81 0.402138 0.321966 0.140018 0.074526
0 82 0.545833 0.229630 0.132407 0.114815
0 83 0.283574 0.494354 0.054953 0.127221
0 85 0.699112 0.696101 0.085065 0.110659
0 86 0.623457 0.622328 0.085818 0.080548
0 87 0.487500 0.773148 0.063889 0.062963
0 88 0.312037 0.776852 0.146296 0.103704
0 89 0.358100 0.196251 0.164860 0.077537
0 90 0.233796 0.475463 0.089815 0.126852
0 91 0.074074 0.501389 0.044444 0.165741