0 77 0.760464 0.228245 0.097862 0.078290
0 78 0.105540 0.376167 0.081301 0.057964
0 79 0.352454 0.453704 0.081301 0.184432
0 80 0.286574 0.328704 0.060185 0.090741
0 81 0.432407 0.340741 0.120370 0.100000
0 82 0.461021 0.214021 0.138181 0.157927
0 83 0.393056 0.391667 0.119444 0.068519
0 84 0.533499 0.140921 0.109154 0.081301
0 85 0.607836 0.580492 0.062105 0.200128
0 86 0.583559 0.549684 0.085818 0.076784
0 87 0.448351 0.761563 0.077371 0.039837
0 88 0.257106 0.769802 0.040139 0.102989
0 89 0.206037 0.297877 0.083559 0.145288
0 90 0.135276 0.435637 0.060976 0.115176
0 91 0.111574 0.450463 0.067593 0.113889