0 77 0.722072 0.205285 0.072267 0.112165
0 78 0.126618 0.397621 0.072267 0.183680
0 79 0.362963 0.476389 0.072222 0.180556
0 80 0.283333 0.326852 0.051852 0.105556
0 81 0.431944 0.332870 0.117593 0.095370
0 82 0.482870 0.231019 0.110185 0.143519
0 83 0.351701 0.386329 0.117435 0.060223
0 84 0.518820 0.122478 0.099368 0.041403
0 85 0.622275 0.581327 0.092487 0.145988
0 86 0.590334 0.576784 0.100873 0.067751
0 87 0.442130 0.760185 0.078704 0.046296
0 88 0.276852 0.777778 0.072222 0.088889
0 89 0.221469 0.254216 0.109907 0.113671
0 90 0.144685 0.437519 0.094851 0.058717
0 91 0.111186 0.436766 0.107648 0.070762