0 77 0.702876 0.243677 0.140771 0.080548
0 78 0.163426 0.355556 0.115741 0.088889
0 79 0.370370 0.506481 0.079630 0.170370
0 80 0.289815 0.328241 0.055556 0.126852
0 81 0.432407 0.331481 0.111111 0.096296
0 82 0.487037 0.237963 0.118519 0.135185
0 83 0.334722 0.384722 0.123148 0.054630
0 84 0.496612 0.119091 0.076031 0.037639
0 85 0.596759 0.595370 0.134259 0.148148
0 86 0.606896 0.580548 0.093345 0.073773
0 87 0.441667 0.755556 0.079630 0.074074
0 88 0.275926 0.767593 0.111111 0.118519
0 89 0.263249 0.234267 0.097109 0.103884
0 90 0.166893 0.436390 0.125715 0.074526
0 91 0.106670 0.428485 0.112165 0.088829