0 77 0.340033 0.331752 0.060976 0.152815
0 78 0.364736 0.591731 0.135027 0.144316
0 79 0.369768 0.710027 0.073773 0.227341
0 81 0.338904 0.278681 0.144535 0.064740
0 82 0.545920 0.219964 0.140018 0.127974
0 83 0.157859 0.525971 0.068503 0.122704
0 84 0.183077 0.182701 0.159590 0.121198
0 85 0.648148 0.676852 0.177778 0.129630
0 86 0.675775 0.650557 0.121198 0.073773
0 87 0.273412 0.779283 0.106896 0.078290
0 88 0.420958 0.815041 0.087323 0.071515
0 89 0.533875 0.133394 0.072267 0.066245
0 90 0.262873 0.486450 0.057212 0.108401
0 91 0.176302 0.669753 0.114423 0.155827