0 77 0.419828 0.379554 0.119693 0.097862
0 78 0.355093 0.500000 0.099074 0.133333
0 79 0.383318 0.650557 0.082806 0.168624
0 80 0.302770 0.341162 0.132490 0.133996
0 81 0.373148 0.297222 0.127778 0.083333
0 82 0.557407 0.242593 0.061111 0.166667
0 83 0.236111 0.581944 0.133333 0.069444
0 84 0.228621 0.138663 0.119693 0.072267
0 85 0.684734 0.670280 0.112014 0.177958
0 86 0.612918 0.643782 0.140018 0.082806
0 87 0.415278 0.722685 0.215741 0.062037
0 88 0.368519 0.800926 0.100000 0.112963
0 89 0.481557 0.168774 0.137760 0.063234
0 90 0.264239 0.468345 0.065967 0.118865
0 91 0.110057 0.582054 0.078290 0.159590