0 77 0.483815 0.359229 0.127221 0.090334
0 78 0.312037 0.456481 0.137037 0.118519
0 79 0.385185 0.637037 0.072222 0.218519
0 80 0.300903 0.325391 0.116712 0.108476
0 81 0.384071 0.314062 0.121951 0.087323
0 82 0.558717 0.243677 0.061728 0.163354
0 83 0.263426 0.562500 0.091667 0.099074
0 85 0.683924 0.671786 0.104374 0.174947
0 86 0.614047 0.630232 0.152815 0.085818
0 87 0.460648 0.730093 0.137963 0.073148
0 88 0.333796 0.791667 0.104630 0.081481
0 89 0.457468 0.169151 0.110659 0.062481
0 90 0.250926 0.454630 0.062963 0.161111
0 91 0.090108 0.539521 0.062481 0.170882