0 77 0.367510 0.352454 0.081301 0.114423
0 78 0.383333 0.551852 0.122222 0.111111
0 79 0.374285 0.703628 0.069256 0.196477
0 80 0.319708 0.347185 0.065492 0.120446
0 81 0.349819 0.289973 0.152815 0.064740
0 82 0.547222 0.229167 0.127778 0.134259
0 83 0.186574 0.561111 0.113889 0.109259
0 84 0.195875 0.159741 0.164107 0.112918
0 85 0.663731 0.651686 0.113671 0.190455
0 86 0.628350 0.655450 0.139265 0.073020
0 87 0.310674 0.772132 0.155827 0.068503
0 88 0.391599 0.807513 0.103884 0.083559
0 89 0.526724 0.149578 0.070009 0.097109
0 90 0.265278 0.483333 0.060185 0.109259
0 91 0.139039 0.615929 0.103132 0.156579