0 77 0.428704 0.365741 0.070370 0.114815
0 78 0.347222 0.477778 0.111111 0.127778
0 79 0.375463 0.639352 0.069444 0.158333
0 80 0.305100 0.337982 0.117578 0.111073
0 81 0.375038 0.311427 0.120446 0.094098
0 82 0.561574 0.239815 0.060185 0.153704
0 83 0.253704 0.591204 0.150000 0.052778
0 84 0.238783 0.126995 0.123457 0.053448
0 85 0.688949 0.658875 0.100873 0.182249
0 86 0.614815 0.641667 0.137037 0.066667
0 87 0.436013 0.742020 0.216802 0.091087
0 88 0.351389 0.802315 0.100926 0.119444
0 89 0.466877 0.162376 0.140018 0.057964
0 90 0.259722 0.468519 0.049074 0.120370
0 91 0.100271 0.556459 0.067751 0.171635