0 77 0.325354 0.302017 0.057212 0.100873
0 78 0.354227 0.590161 0.121417 0.186344
0 79 0.365628 0.719061 0.074526 0.239386
0 80 0.341147 0.356760 0.058747 0.123878
0 81 0.340033 0.280187 0.146793 0.057212
0 82 0.542909 0.211683 0.133996 0.117435
0 83 0.163129 0.515808 0.066998 0.137007
0 84 0.178184 0.187594 0.154321 0.141524
0 85 0.643981 0.681019 0.186111 0.115741
0 86 0.673893 0.652063 0.120446 0.081301
0 87 0.273788 0.783424 0.124210 0.060976
0 88 0.412301 0.816923 0.091087 0.075279
0 89 0.536510 0.130759 0.062481 0.070009
0 90 0.266667 0.486111 0.051852 0.109259
0 91 0.171409 0.671259 0.118187 0.155827