0 77 0.333258 0.307287 0.060976 0.103884
0 78 0.353591 0.586051 0.125700 0.187157
0 79 0.358853 0.728847 0.057964 0.213791
0 80 0.338151 0.365628 0.064740 0.109154
0 81 0.338528 0.282821 0.163354 0.059470
0 82 0.541780 0.215447 0.146793 0.102379
0 83 0.157483 0.516561 0.063234 0.146040
0 84 0.181195 0.192111 0.163354 0.129479
0 85 0.644444 0.676389 0.187037 0.126852
0 86 0.678034 0.650933 0.122704 0.076031
0 87 0.269907 0.784259 0.123148 0.048148
0 88 0.413053 0.819557 0.089581 0.073020
0 89 0.538392 0.136405 0.081301 0.069256
0 90 0.268981 0.486111 0.054630 0.111111
0 91 0.184583 0.680292 0.100873 0.148299