0 77 0.375678 0.362967 0.129705 0.094904
0 78 0.381944 0.519907 0.102778 0.132407
0 79 0.383774 0.689939 0.105985 0.190176
0 80 0.297501 0.337775 0.124962 0.109154
0 81 0.353207 0.308416 0.127974 0.083559
0 82 0.557219 0.238268 0.088814 0.148577
0 83 0.192130 0.580556 0.112037 0.112963
0 84 0.217329 0.151084 0.163354 0.103132
0 85 0.660023 0.675425 0.084952 0.147493
0 86 0.645664 0.646417 0.110659 0.085065
0 87 0.349067 0.742020 0.194971 0.137760
0 88 0.400632 0.796221 0.099368 0.116682
0 89 0.514679 0.167269 0.077537 0.118940
0 90 0.268519 0.485185 0.066667 0.107407
0 91 0.128500 0.609530 0.103132 0.155827