0 77 0.484192 0.343421 0.109907 0.106896
0 78 0.302315 0.432407 0.139815 0.114815
0 79 0.382870 0.628241 0.062037 0.206481
0 80 0.294907 0.323148 0.121296 0.094444
0 81 0.398750 0.315191 0.121198 0.079042
0 82 0.547802 0.235772 0.085065 0.141524
0 83 0.287037 0.551852 0.077778 0.137037
0 84 0.256474 0.118714 0.113671 0.042909
0 85 0.688930 0.666460 0.112880 0.176340
0 86 0.617058 0.634749 0.131737 0.076784
0 87 0.477315 0.738426 0.117593 0.062037
0 88 0.323148 0.782407 0.107407 0.064815
0 89 0.436766 0.157106 0.097862 0.060976
0 90 0.251852 0.475000 0.061111 0.120370
0 91 0.085592 0.522960 0.068503 0.179916