0 77 0.482310 0.364122 0.115176 0.092593
0 78 0.314352 0.468519 0.134259 0.107407
0 79 0.380684 0.641900 0.051942 0.187444
0 80 0.299759 0.326107 0.124962 0.118940
0 81 0.382942 0.312933 0.109154 0.095604
0 82 0.563889 0.243056 0.064815 0.162037
0 83 0.261777 0.574228 0.110592 0.086728
0 84 0.244429 0.121349 0.101626 0.051189
0 85 0.685938 0.662602 0.105390 0.168624
0 86 0.616204 0.632870 0.143519 0.089815
0 87 0.464995 0.725836 0.181421 0.079795
0 88 0.332870 0.792130 0.115741 0.089815
0 89 0.473611 0.165741 0.121296 0.050000
0 90 0.254167 0.471296 0.052778 0.122222
0 91 0.097636 0.539898 0.047425 0.194219