0 77 0.385407 0.375738 0.138851 0.082912
0 78 0.377522 0.518040 0.096808 0.132438
0 79 0.379178 0.683680 0.083559 0.195724
0 80 0.318579 0.343797 0.091840 0.104637
0 81 0.355089 0.308793 0.148299 0.079795
0 82 0.553948 0.242724 0.090839 0.147192
0 83 0.194444 0.578241 0.116667 0.104630
0 84 0.217329 0.151460 0.146793 0.099368
0 85 0.650933 0.677657 0.085065 0.132490
0 86 0.653101 0.652635 0.098796 0.075640
0 87 0.353207 0.749925 0.195724 0.140018
0 88 0.396759 0.811574 0.093519 0.084259
0 89 0.512421 0.166516 0.076031 0.094851
0 90 0.267593 0.481944 0.070370 0.112037
0 91 0.124360 0.600873 0.109907 0.170129