0 77 0.478922 0.368263 0.124962 0.097862
0 78 0.314815 0.466667 0.135185 0.111111
0 79 0.377315 0.638735 0.060185 0.216358
0 80 0.302315 0.330556 0.110185 0.107407
0 81 0.382189 0.314062 0.122704 0.096357
0 82 0.563426 0.242130 0.065741 0.162037
0 83 0.262500 0.577778 0.108333 0.077778
0 84 0.250828 0.123231 0.114423 0.042909
0 85 0.683461 0.671063 0.103448 0.168985
0 86 0.615553 0.631361 0.145288 0.083559
0 87 0.455962 0.731481 0.149804 0.071515
0 88 0.332407 0.792593 0.114815 0.088889
0 89 0.459726 0.166893 0.122704 0.051942
0 90 0.252315 0.468981 0.054630 0.128704
0 91 0.087097 0.536886 0.053448 0.192713