0 77 0.426389 0.360648 0.078704 0.121296
0 78 0.347222 0.479167 0.103704 0.132407
0 79 0.371037 0.669000 0.077258 0.217555
0 80 0.320370 0.339352 0.085185 0.108333
0 81 0.374074 0.312963 0.122222 0.103704
0 82 0.560648 0.239352 0.058333 0.154630
0 83 0.254630 0.590278 0.153704 0.052778
0 84 0.240665 0.131135 0.130232 0.063234
0 85 0.690831 0.672011 0.100120 0.184432
0 86 0.612037 0.637500 0.144444 0.069444
0 87 0.438272 0.744655 0.209274 0.087323
0 88 0.352315 0.804167 0.102778 0.115741
0 89 0.468056 0.162037 0.141667 0.055556
0 90 0.260648 0.468519 0.050926 0.120370
0 91 0.104788 0.565116 0.055706 0.167871