0 77 0.486073 0.341915 0.119693 0.088829
0 78 0.292593 0.431944 0.159259 0.117593
0 79 0.381019 0.626389 0.058333 0.215741
0 80 0.298148 0.322222 0.114815 0.090741
0 81 0.394234 0.313309 0.097109 0.078290
0 82 0.545167 0.232761 0.096357 0.138512
0 83 0.287963 0.553241 0.075926 0.137963
0 85 0.687338 0.662899 0.109696 0.179758
0 86 0.614800 0.626844 0.133243 0.083559
0 87 0.484722 0.736111 0.130556 0.062963
0 88 0.303704 0.783333 0.138889 0.068519
0 89 0.451445 0.167269 0.097109 0.052695
0 90 0.250000 0.474537 0.062963 0.119444
0 91 0.089356 0.523336 0.057964 0.183680