0 77 0.513426 0.340278 0.128704 0.087963
0 78 0.275463 0.427778 0.149074 0.105556
0 79 0.381019 0.612500 0.060185 0.208333
0 80 0.290278 0.320370 0.115741 0.083333
0 81 0.403643 0.311427 0.121951 0.074526
0 82 0.552778 0.228704 0.127778 0.124074
0 83 0.288889 0.534259 0.062963 0.137037
0 84 0.264002 0.117585 0.124210 0.028606
0 85 0.682502 0.658499 0.133145 0.183002
0 86 0.622704 0.619316 0.112918 0.094098
0 87 0.476852 0.749537 0.092593 0.056481
0 88 0.305360 0.787368 0.122794 0.069648
0 89 0.416064 0.178184 0.142276 0.057964
0 90 0.252315 0.480556 0.058333 0.112963
0 91 0.078704 0.525926 0.042593 0.166667