0 77 0.487963 0.336574 0.109259 0.093519
0 78 0.282870 0.429630 0.156481 0.107407
0 79 0.380556 0.617593 0.059259 0.205556
0 80 0.290741 0.322685 0.124074 0.089815
0 81 0.400256 0.314062 0.116682 0.084312
0 82 0.540741 0.229167 0.122222 0.128704
0 83 0.289352 0.547222 0.069444 0.137037
0 84 0.281316 0.115703 0.148299 0.044414
0 85 0.688930 0.658006 0.112880 0.189544
0 86 0.617058 0.623457 0.127221 0.090334
0 87 0.480556 0.744444 0.101852 0.057407
0 88 0.302315 0.786574 0.126852 0.071296
0 89 0.441283 0.175173 0.100873 0.065492
0 90 0.251852 0.479167 0.059259 0.115741
0 91 0.080093 0.526852 0.041667 0.175926