0 77 0.397245 0.391975 0.131737 0.077537
0 78 0.370145 0.510915 0.104637 0.149804
0 79 0.371274 0.684809 0.073773 0.190455
0 80 0.309545 0.334764 0.081301 0.092593
0 81 0.358100 0.307663 0.119693 0.083559
0 82 0.551942 0.244053 0.067751 0.159590
0 83 0.205556 0.583333 0.112963 0.105556
0 84 0.215071 0.147696 0.142276 0.090334
0 85 0.679539 0.712662 0.062481 0.122704
0 86 0.646417 0.641524 0.115176 0.100873
0 87 0.357724 0.748419 0.201746 0.146040
0 88 0.386329 0.806384 0.096357 0.112918
0 89 0.486826 0.162752 0.104637 0.081301
0 90 0.267593 0.484259 0.068519 0.103704
0 91 0.118338 0.600873 0.103884 0.161096