0 77 0.367886 0.353960 0.077537 0.105390
0 78 0.383796 0.550463 0.121296 0.113889
0 79 0.376167 0.702123 0.079042 0.204005
0 80 0.314815 0.343421 0.063234 0.102379
0 81 0.346432 0.292608 0.152063 0.066998
0 82 0.545833 0.227778 0.128704 0.140741
0 83 0.185185 0.565278 0.114815 0.108333
0 84 0.204155 0.158988 0.153568 0.117435
0 85 0.645833 0.655093 0.139815 0.202778
0 86 0.644907 0.656481 0.137963 0.075926
0 87 0.320837 0.765357 0.173141 0.068503
0 88 0.387082 0.791328 0.109907 0.117435
0 89 0.522207 0.146944 0.077537 0.093345
0 90 0.265741 0.483796 0.061111 0.112037
0 91 0.130382 0.631737 0.118940 0.165613