0 77 0.419087 0.356764 0.095581 0.129065
0 78 0.350000 0.483333 0.098148 0.153704
0 79 0.364555 0.662523 0.090221 0.189860
0 80 0.324537 0.341667 0.082407 0.109259
0 81 0.374285 0.309169 0.130985 0.089581
0 82 0.559259 0.240278 0.059259 0.162037
0 83 0.250000 0.586111 0.150000 0.059259
0 84 0.246311 0.130759 0.144535 0.057964
0 85 0.689164 0.667675 0.101302 0.175760
0 86 0.609907 0.643029 0.144535 0.088829
0 87 0.422087 0.729976 0.202499 0.060976
0 88 0.357407 0.803704 0.109259 0.111111
0 89 0.475911 0.165387 0.140018 0.062481
0 90 0.265741 0.469907 0.062963 0.113889
0 91 0.107422 0.581301 0.079042 0.182174