0 77 0.363369 0.351325 0.082054 0.115176
0 78 0.366667 0.557407 0.112963 0.112963
0 79 0.376920 0.705134 0.089581 0.185938
0 80 0.338151 0.355089 0.066245 0.113671
0 81 0.348095 0.296300 0.151746 0.061119
0 82 0.548611 0.225000 0.126852 0.131481
0 83 0.188426 0.542593 0.104630 0.096296
0 84 0.200015 0.161247 0.167871 0.111412
0 85 0.655179 0.649612 0.126679 0.187812
0 86 0.635125 0.655450 0.134749 0.080548
0 87 0.309545 0.771379 0.156579 0.059470
0 88 0.400256 0.815417 0.089581 0.079795
0 89 0.530111 0.137910 0.058717 0.076784
0 90 0.262500 0.487037 0.075000 0.107407
0 91 0.156019 0.649537 0.086111 0.136111