0 77 0.367130 0.350926 0.125000 0.101852
0 78 0.382870 0.518056 0.117593 0.150926
0 79 0.369768 0.694971 0.070762 0.188196
0 80 0.323095 0.352078 0.093345 0.100120
0 81 0.350523 0.302033 0.128824 0.070732
0 82 0.551189 0.228997 0.118940 0.129479
0 83 0.187037 0.573148 0.109259 0.107407
0 84 0.225233 0.153342 0.179163 0.100120
0 85 0.666426 0.654298 0.090214 0.167164
0 86 0.632114 0.642653 0.112165 0.083559
0 87 0.323848 0.736751 0.165613 0.124210
0 88 0.402778 0.813426 0.085185 0.071296
0 89 0.516509 0.164642 0.066350 0.118172
0 90 0.268519 0.487500 0.066667 0.102778
0 91 0.130759 0.615553 0.104637 0.158838