0 77 0.480051 0.347561 0.133243 0.092593
0 78 0.305556 0.441667 0.144444 0.124074
0 79 0.386574 0.631481 0.073148 0.211111
0 80 0.301389 0.325463 0.112037 0.104630
0 81 0.401009 0.314815 0.119693 0.082806
0 82 0.560976 0.243677 0.084312 0.143782
0 83 0.265278 0.558333 0.082407 0.114815
0 84 0.250828 0.121349 0.096357 0.045167
0 85 0.684590 0.666287 0.101189 0.172983
0 86 0.612918 0.635878 0.146040 0.082054
0 87 0.475463 0.734259 0.154630 0.072222
0 88 0.331019 0.789815 0.097222 0.072222
0 89 0.448811 0.165011 0.106896 0.060223
0 90 0.251852 0.470370 0.059259 0.129630
0 91 0.087850 0.552319 0.065492 0.131737