0 77 0.344173 0.271530 0.118940 0.085065
0 78 0.337037 0.608796 0.105556 0.193519
0 79 0.362240 0.735998 0.075279 0.231105
0 80 0.335882 0.355461 0.076807 0.134003
0 81 0.339280 0.285080 0.145288 0.056459
0 82 0.534252 0.219211 0.128726 0.105390
0 83 0.150926 0.503704 0.050000 0.133333
0 84 0.149202 0.211683 0.102379 0.135501
0 85 0.652778 0.690741 0.190741 0.085185
0 86 0.672764 0.652063 0.140771 0.066245
0 87 0.269271 0.779660 0.122704 0.074526
0 88 0.430093 0.812037 0.076852 0.100000
0 89 0.529735 0.132641 0.110659 0.052695
0 90 0.267130 0.486111 0.049074 0.116667
0 91 0.184207 0.685185 0.098615 0.138512