0 77 0.336269 0.344550 0.060976 0.137760
0 78 0.349537 0.586574 0.099074 0.119444
0 79 0.364875 0.704381 0.066998 0.229600
0 81 0.346330 0.283853 0.153771 0.052891
0 82 0.543662 0.213189 0.147546 0.132490
0 83 0.178937 0.535381 0.100120 0.114423
0 84 0.184207 0.171409 0.152815 0.125715
0 85 0.640662 0.663625 0.138731 0.161638
0 86 0.654321 0.657709 0.118940 0.077537
0 87 0.280563 0.788317 0.124210 0.073773
0 88 0.414559 0.805254 0.082054 0.094098
0 89 0.527100 0.127748 0.076784 0.059470
0 90 0.261574 0.486574 0.069444 0.115741
0 91 0.164634 0.655074 0.106143 0.162602