0 77 0.426438 0.358646 0.089913 0.125301
0 78 0.347222 0.481019 0.100000 0.137963
0 79 0.377296 0.658838 0.061728 0.188196
0 80 0.320370 0.338889 0.087037 0.111111
0 81 0.377672 0.307287 0.124210 0.090334
0 82 0.567374 0.242924 0.062481 0.173893
0 83 0.253241 0.588426 0.154630 0.050926
0 84 0.241795 0.130382 0.132490 0.055706
0 85 0.684056 0.676216 0.110659 0.164235
0 86 0.612037 0.638889 0.144444 0.070370
0 87 0.424537 0.722222 0.193519 0.077778
0 88 0.351701 0.804125 0.105390 0.114423
0 89 0.479298 0.163505 0.133243 0.061728
0 90 0.261574 0.468981 0.054630 0.117593
0 91 0.107422 0.570762 0.063987 0.182174