0 77 0.379878 0.372407 0.127326 0.085057
0 78 0.381113 0.520299 0.099262 0.127921
0 79 0.372026 0.684056 0.078290 0.202499
0 80 0.308416 0.338528 0.115176 0.106143
0 81 0.353207 0.309169 0.127974 0.082054
0 82 0.556350 0.235742 0.092058 0.143089
0 83 0.191204 0.582407 0.110185 0.116667
0 84 0.225233 0.153342 0.165613 0.103132
0 85 0.662602 0.675775 0.084312 0.140771
0 86 0.651336 0.651189 0.100821 0.087564
0 87 0.355093 0.751852 0.200926 0.131481
0 88 0.393981 0.808796 0.100926 0.089815
0 89 0.512421 0.165011 0.070009 0.103884
0 90 0.267593 0.482407 0.070370 0.111111
0 91 0.123607 0.602002 0.108401 0.163354