0 77 0.451822 0.360735 0.087323 0.135501
0 78 0.344907 0.475926 0.108333 0.122222
0 79 0.386574 0.651389 0.086111 0.193519
0 80 0.304637 0.335174 0.116652 0.112986
0 81 0.369392 0.313309 0.118187 0.099368
0 82 0.560648 0.238889 0.062037 0.153704
0 83 0.257407 0.592130 0.142593 0.056481
0 84 0.239913 0.127371 0.128726 0.051189
0 85 0.691448 0.662436 0.113400 0.178832
0 86 0.615929 0.646040 0.133996 0.073773
0 87 0.444294 0.738257 0.212285 0.088076
0 88 0.337037 0.798148 0.125926 0.122222
0 89 0.466204 0.161574 0.136111 0.054630
0 90 0.260185 0.473148 0.046296 0.112963
0 91 0.097636 0.557212 0.053448 0.170129