0 77 0.337500 0.303312 0.047975 0.090756
0 78 0.345224 0.593808 0.110818 0.184606
0 79 0.359229 0.724706 0.085818 0.208522
0 80 0.333634 0.353960 0.066245 0.112918
0 81 0.341915 0.286962 0.159590 0.069256
0 82 0.538768 0.213189 0.149804 0.118940
0 83 0.162752 0.522207 0.066245 0.139265
0 84 0.176302 0.192864 0.144535 0.138512
0 85 0.644200 0.674669 0.182844 0.123412
0 86 0.675775 0.650181 0.122704 0.076031
0 87 0.268142 0.782671 0.156579 0.057964
0 88 0.419076 0.819557 0.085065 0.092593
0 89 0.542532 0.134523 0.089581 0.066998
0 90 0.268519 0.483796 0.055556 0.113889
0 91 0.183077 0.678787 0.111412 0.155827