0 77 0.391396 0.389886 0.128380 0.084726
0 78 0.377778 0.526852 0.083333 0.114815
0 79 0.379456 0.683857 0.073969 0.186337
0 80 0.315568 0.344173 0.088829 0.109907
0 81 0.358853 0.305405 0.134749 0.085065
0 82 0.551566 0.243677 0.079042 0.149804
0 83 0.200463 0.577778 0.121296 0.098148
0 84 0.215447 0.148449 0.138512 0.091840
0 85 0.665989 0.705510 0.060976 0.093345
0 86 0.653768 0.653764 0.101980 0.077898
0 87 0.352454 0.750301 0.195724 0.155827
0 88 0.393857 0.806384 0.091840 0.109907
0 89 0.500000 0.160870 0.082806 0.080548
0 90 0.267130 0.480556 0.073148 0.112963
0 91 0.115703 0.596733 0.109154 0.172388