0 77 0.371650 0.352454 0.086570 0.121951
0 78 0.383796 0.547685 0.134259 0.119444
0 79 0.375775 0.704381 0.076814 0.164860
0 80 0.328741 0.345303 0.056459 0.122704
0 81 0.346808 0.291478 0.160343 0.060223
0 82 0.548611 0.230556 0.125000 0.135185
0 83 0.186574 0.562500 0.113889 0.115741
0 84 0.208296 0.159741 0.163354 0.108401
0 85 0.661164 0.657449 0.106760 0.201513
0 86 0.636254 0.655074 0.152063 0.073773
0 87 0.311574 0.756944 0.167593 0.084259
0 88 0.398148 0.817130 0.088889 0.063889
0 89 0.527853 0.141674 0.058717 0.091840
0 90 0.265278 0.487500 0.062037 0.100926
0 91 0.150463 0.645370 0.078704 0.125926