0 77 0.333634 0.300888 0.079795 0.103132
0 78 0.332407 0.609259 0.090741 0.161111
0 79 0.365251 0.734869 0.091840 0.228847
0 80 0.336269 0.358853 0.068503 0.107648
0 81 0.336574 0.279050 0.141667 0.065507
0 82 0.540650 0.210930 0.144535 0.106896
0 83 0.154630 0.512963 0.050000 0.135185
0 84 0.178184 0.192487 0.140771 0.130232
0 85 0.643534 0.677477 0.179660 0.125324
0 86 0.684432 0.652063 0.133996 0.081301
0 87 0.265507 0.784929 0.142276 0.065492
0 88 0.391204 0.807407 0.126852 0.109259
0 89 0.531617 0.128877 0.088829 0.057212
0 90 0.268519 0.484259 0.055556 0.112963
0 91 0.188426 0.687500 0.091667 0.150926