0 77 0.324225 0.299006 0.083559 0.106896
0 78 0.331944 0.611574 0.095370 0.163889
0 79 0.377672 0.732987 0.092593 0.217555
0 80 0.335140 0.359982 0.057212 0.123457
0 81 0.327627 0.281888 0.121921 0.074887
0 82 0.537263 0.210930 0.137760 0.103884
0 83 0.154588 0.511917 0.049450 0.132746
0 84 0.166893 0.199639 0.127221 0.149051
0 85 0.649074 0.676852 0.188889 0.125926
0 86 0.679163 0.651310 0.132490 0.070762
0 87 0.274917 0.786435 0.133996 0.053448
0 88 0.418323 0.818428 0.097109 0.093345
0 89 0.536134 0.133394 0.084312 0.064740
0 90 0.269444 0.482870 0.055556 0.115741
0 91 0.188426 0.688889 0.091667 0.150000