0 77 0.518981 0.344907 0.125000 0.076852
0 78 0.270370 0.423611 0.142593 0.106481
0 79 0.381481 0.619444 0.059259 0.200000
0 80 0.285648 0.321296 0.123148 0.077778
0 81 0.402514 0.307663 0.127221 0.077537
0 82 0.554167 0.228241 0.137963 0.119444
0 83 0.286574 0.531019 0.063889 0.130556
0 84 0.270400 0.114198 0.106896 0.026347
0 85 0.682298 0.662843 0.137255 0.170611
0 86 0.625339 0.615553 0.119693 0.098615
0 87 0.471759 0.742593 0.071296 0.066667
0 88 0.309500 0.780285 0.114333 0.072764
0 89 0.429991 0.174420 0.081301 0.056459
0 90 0.253704 0.484722 0.051852 0.102778
0 91 0.078064 0.518820 0.054953 0.167118