0 77 0.388272 0.390526 0.127100 0.080435
0 78 0.378241 0.514352 0.091667 0.137963
0 79 0.378425 0.688196 0.063987 0.200241
0 80 0.317073 0.342291 0.093345 0.106143
0 81 0.362617 0.310674 0.134749 0.079042
0 82 0.553824 0.242171 0.086570 0.151310
0 83 0.193519 0.576852 0.112963 0.100000
0 84 0.222599 0.152590 0.158838 0.097109
0 85 0.661849 0.682550 0.070762 0.112165
0 86 0.653478 0.656542 0.099548 0.072343
0 87 0.347185 0.755571 0.185185 0.134749
0 88 0.380789 0.799439 0.119904 0.114085
0 89 0.509410 0.165011 0.062481 0.091840
0 90 0.268519 0.483796 0.070370 0.110185
0 91 0.120220 0.594851 0.106143 0.179163