0 77 0.516667 0.342130 0.129630 0.084259
0 78 0.272685 0.426389 0.143519 0.102778
0 79 0.381019 0.614815 0.060185 0.205556
0 80 0.293519 0.319444 0.109259 0.083333
0 81 0.406278 0.311804 0.122704 0.067751
0 82 0.550926 0.227315 0.129630 0.125000
0 83 0.288426 0.533333 0.062037 0.133333
0 84 0.273788 0.114574 0.122704 0.028606
0 85 0.684056 0.660720 0.127221 0.181421
0 86 0.623668 0.625779 0.114002 0.105262
0 87 0.472222 0.744444 0.085185 0.057407
0 88 0.300670 0.782475 0.128290 0.053839
0 89 0.390093 0.174044 0.162602 0.055706
0 90 0.251852 0.480556 0.057407 0.109259
0 91 0.081828 0.519949 0.057964 0.166366