0 77 0.473186 0.365537 0.109335 0.105962
0 78 0.319444 0.470370 0.133333 0.111111
0 79 0.382565 0.638512 0.054201 0.201746
0 80 0.301852 0.332407 0.116667 0.112963
0 81 0.371274 0.311051 0.112918 0.099368
0 82 0.560185 0.243056 0.055556 0.163889
0 83 0.263426 0.585648 0.117593 0.065741
0 84 0.241042 0.124737 0.109907 0.047425
0 85 0.679916 0.669753 0.120446 0.170882
0 86 0.617130 0.632407 0.134259 0.088889
0 87 0.456715 0.728847 0.194971 0.078290
0 88 0.334259 0.793056 0.122222 0.095370
0 89 0.463866 0.160870 0.117435 0.047425
0 90 0.251852 0.465741 0.059259 0.135185
0 91 0.095002 0.548931 0.058717 0.188196