0 77 0.502480 0.335697 0.129035 0.086209
0 78 0.279630 0.428704 0.157407 0.105556
0 79 0.379630 0.619907 0.062963 0.199074
0 80 0.289352 0.321296 0.119444 0.087037
0 81 0.401762 0.314815 0.115176 0.073773
0 82 0.540741 0.229167 0.118519 0.125000
0 83 0.288889 0.542593 0.064815 0.135185
0 84 0.265507 0.116079 0.146793 0.036134
0 85 0.684809 0.658838 0.127221 0.192713
0 86 0.621951 0.624210 0.121951 0.096357
0 87 0.479630 0.742593 0.092593 0.064815
0 88 0.302778 0.788426 0.122222 0.067593
0 89 0.420581 0.175173 0.155827 0.073020
0 90 0.253241 0.482407 0.056481 0.109259
0 91 0.079167 0.525463 0.041667 0.175000