0 77 0.442130 0.360185 0.069444 0.127778
0 78 0.337963 0.476389 0.114815 0.121296
0 79 0.390278 0.652778 0.087963 0.194444
0 80 0.306944 0.335648 0.110185 0.110185
0 81 0.375038 0.313686 0.117435 0.092593
0 82 0.559722 0.238889 0.054630 0.153704
0 83 0.258333 0.589352 0.140741 0.050926
0 84 0.236902 0.123984 0.110659 0.048931
0 85 0.684963 0.664898 0.124518 0.170205
0 86 0.617811 0.644158 0.134749 0.074526
0 87 0.456481 0.735185 0.220370 0.094444
0 88 0.337500 0.797222 0.125000 0.116667
0 89 0.458796 0.162500 0.150926 0.054630
0 90 0.259722 0.475000 0.047222 0.112963
0 91 0.095754 0.557212 0.054201 0.177657