0 77 0.402718 0.393217 0.120792 0.076558
0 78 0.358333 0.509259 0.111111 0.172222
0 79 0.376920 0.675023 0.076031 0.184432
0 80 0.311051 0.332505 0.111412 0.100120
0 81 0.372026 0.300136 0.137007 0.082054
0 82 0.562858 0.251204 0.057964 0.163354
0 83 0.219444 0.577778 0.120370 0.088889
0 84 0.217329 0.143933 0.131737 0.081301
0 85 0.680845 0.669268 0.114070 0.170348
0 86 0.643406 0.635125 0.122704 0.115176
0 87 0.369392 0.740891 0.182927 0.109907
0 88 0.392728 0.809771 0.076031 0.100120
0 89 0.495483 0.163881 0.141524 0.070009
0 90 0.264815 0.484259 0.070370 0.101852
0 91 0.117130 0.598148 0.095370 0.157407