0 77 0.343044 0.278681 0.110659 0.088829
0 78 0.340278 0.606481 0.108333 0.192593
0 79 0.365278 0.735648 0.080556 0.221296
0 80 0.332505 0.359229 0.073020 0.114423
0 81 0.322301 0.298254 0.120528 0.088829
0 82 0.531993 0.214694 0.125715 0.102379
0 83 0.157106 0.508657 0.062481 0.131737
0 84 0.151084 0.205661 0.089581 0.144535
0 85 0.651852 0.687500 0.187037 0.095370
0 86 0.673893 0.656579 0.140018 0.070762
0 87 0.273035 0.777025 0.121198 0.084312
0 88 0.423592 0.813535 0.086570 0.098615
0 89 0.537639 0.132264 0.099368 0.057964
0 90 0.268056 0.485185 0.047222 0.118519
0 91 0.188347 0.684056 0.100873 0.140771