0 77 0.346055 0.351325 0.089581 0.142276
0 78 0.367773 0.552307 0.124435 0.152793
0 79 0.374661 0.702499 0.086570 0.195724
0 81 0.340033 0.292231 0.149804 0.051189
0 82 0.544038 0.223351 0.148299 0.133243
0 83 0.171786 0.530488 0.078290 0.101626
0 84 0.195122 0.161247 0.164107 0.115929
0 85 0.644222 0.664928 0.142148 0.162737
0 86 0.636254 0.658838 0.130985 0.088829
0 87 0.293056 0.782407 0.091667 0.062963
0 88 0.392660 0.797124 0.092457 0.109455
0 89 0.531241 0.141674 0.056459 0.079795
0 90 0.261111 0.484259 0.072222 0.111111
0 91 0.152213 0.639642 0.111412 0.161849