0 77 0.374906 0.351803 0.084575 0.130781
0 78 0.372685 0.553704 0.123148 0.109259
0 79 0.373532 0.694791 0.066245 0.159952
0 80 0.334011 0.355089 0.060976 0.112165
0 81 0.347817 0.292506 0.148811 0.046123
0 82 0.548148 0.226389 0.125926 0.128704
0 83 0.190278 0.551852 0.112037 0.101852
0 84 0.207543 0.166893 0.167871 0.116682
0 85 0.655413 0.658123 0.115101 0.183755
0 86 0.634749 0.653568 0.155074 0.084312
0 87 0.309545 0.776649 0.191207 0.059470
0 88 0.387082 0.807513 0.105390 0.083559
0 89 0.523336 0.140921 0.060223 0.082806
0 90 0.264815 0.489815 0.066667 0.096296
0 91 0.153241 0.647685 0.080556 0.130556