0 77 0.454167 0.361574 0.082407 0.125000
0 78 0.330093 0.476852 0.119444 0.118519
0 79 0.383318 0.646793 0.069256 0.218308
0 80 0.296270 0.332076 0.131534 0.117329
0 81 0.374285 0.314815 0.115929 0.102379
0 82 0.557964 0.239913 0.072267 0.152815
0 83 0.261111 0.590278 0.133333 0.054630
0 84 0.244806 0.126995 0.123457 0.048931
0 85 0.679916 0.664860 0.127974 0.173141
0 86 0.620822 0.646417 0.134749 0.068503
0 87 0.460102 0.729600 0.201746 0.087323
0 88 0.337037 0.795833 0.125926 0.108333
0 89 0.466667 0.162500 0.127778 0.052778
0 90 0.255556 0.477778 0.053704 0.112963
0 91 0.092743 0.551189 0.054201 0.171635