0 77 0.345303 0.327989 0.074526 0.152815
0 78 0.354167 0.591667 0.108333 0.137037
0 79 0.366757 0.711156 0.073773 0.247666
0 81 0.344550 0.283574 0.154321 0.062481
0 82 0.547049 0.216200 0.149804 0.132490
0 83 0.163505 0.527477 0.067751 0.134749
0 84 0.182325 0.181572 0.177657 0.149051
0 85 0.644158 0.662978 0.176905 0.152815
0 86 0.669000 0.653568 0.122704 0.079795
0 87 0.274164 0.783800 0.117435 0.075279
0 88 0.413806 0.809771 0.103132 0.086570
0 89 0.535757 0.130759 0.094098 0.063987
0 90 0.270777 0.489085 0.068503 0.109154
0 91 0.174420 0.663354 0.095604 0.147546