0 77 0.423592 0.366757 0.112165 0.129479
0 78 0.344444 0.481019 0.114815 0.162037
0 79 0.377672 0.661849 0.065492 0.185185
0 80 0.306952 0.342642 0.121281 0.112865
0 81 0.373908 0.306158 0.121198 0.089581
0 82 0.564363 0.243677 0.063987 0.167871
0 83 0.243981 0.582870 0.136111 0.062037
0 84 0.254216 0.133770 0.158838 0.060976
0 85 0.685690 0.668601 0.106399 0.177612
0 86 0.614800 0.645288 0.142276 0.085818
0 87 0.417130 0.718981 0.210185 0.069444
0 88 0.363889 0.801852 0.100000 0.111111
0 89 0.478546 0.164634 0.136254 0.065492
0 90 0.265368 0.468722 0.063708 0.118112
0 91 0.110434 0.583559 0.066998 0.159590