0 77 0.506019 0.337500 0.128704 0.091667
0 78 0.278241 0.428704 0.156481 0.109259
0 79 0.379630 0.620370 0.062963 0.198148
0 80 0.289352 0.321296 0.119444 0.087037
0 81 0.407784 0.312180 0.119693 0.076031
0 82 0.550000 0.229630 0.125926 0.124074
0 83 0.288426 0.539815 0.065741 0.135185
0 84 0.271530 0.116832 0.121198 0.033123
0 85 0.687684 0.657080 0.120927 0.187692
0 86 0.625926 0.635185 0.116667 0.066667
0 87 0.480556 0.744907 0.094444 0.063889
0 88 0.302778 0.788889 0.120370 0.066667
0 89 0.416817 0.167645 0.152815 0.057964
0 90 0.253241 0.482870 0.056481 0.110185
0 91 0.079167 0.523611 0.043519 0.169444