0 77 0.377296 0.353960 0.114423 0.090334
0 78 0.381000 0.523103 0.117555 0.150090
0 79 0.380307 0.699488 0.075279 0.201746
0 80 0.323848 0.346055 0.093345 0.110659
0 81 0.348585 0.307588 0.134207 0.059621
0 82 0.544907 0.227315 0.126852 0.141667
0 83 0.186111 0.573148 0.111111 0.114815
0 84 0.211683 0.160117 0.155074 0.107648
0 85 0.659967 0.658838 0.094098 0.186691
0 86 0.646759 0.658333 0.126852 0.068519
0 87 0.317096 0.743722 0.149006 0.112556
0 88 0.400000 0.812037 0.090741 0.077778
0 89 0.519723 0.160964 0.076483 0.108966
0 90 0.268056 0.486111 0.065741 0.105556
0 91 0.131888 0.615553 0.103884 0.163354