0 77 0.408450 0.386235 0.139438 0.060411
0 78 0.356481 0.507870 0.118519 0.160185
0 79 0.349247 0.681715 0.113309 0.204170
0 80 0.304652 0.332505 0.113671 0.103132
0 81 0.375926 0.296759 0.135185 0.082407
0 82 0.556944 0.248148 0.060185 0.170370
0 83 0.231019 0.578704 0.130556 0.079630
0 84 0.229374 0.142051 0.122704 0.079042
0 85 0.680213 0.669580 0.119851 0.186284
0 86 0.630608 0.638512 0.127221 0.097862
0 87 0.396116 0.744279 0.204758 0.076031
0 88 0.358100 0.795092 0.139265 0.114423
0 89 0.487203 0.167269 0.155074 0.055706
0 90 0.265741 0.478241 0.068519 0.108333
0 91 0.113426 0.593519 0.086111 0.150000