0 77 0.431944 0.363889 0.067593 0.118519
0 78 0.346296 0.477315 0.111111 0.125000
0 79 0.376920 0.661472 0.054953 0.194971
0 80 0.301626 0.336939 0.122674 0.115011
0 81 0.373156 0.311051 0.127221 0.099368
0 82 0.561352 0.242547 0.065492 0.161096
0 83 0.255556 0.591204 0.146296 0.052778
0 84 0.237278 0.130382 0.108401 0.049684
0 85 0.691362 0.660844 0.111721 0.180164
0 86 0.616305 0.643782 0.137760 0.075279
0 87 0.442412 0.738633 0.217555 0.091840
0 88 0.339352 0.800000 0.121296 0.124074
0 89 0.463866 0.163881 0.141524 0.048931
0 90 0.259722 0.469907 0.047222 0.117593
0 91 0.097260 0.559470 0.066245 0.180668