0 77 0.356971 0.353960 0.072267 0.133996
0 78 0.362500 0.562037 0.106481 0.124074
0 79 0.363426 0.696296 0.071296 0.151852
0 80 0.336646 0.348314 0.060223 0.101626
0 81 0.352495 0.298558 0.154991 0.065635
0 82 0.546759 0.223611 0.136111 0.134259
0 83 0.190229 0.536886 0.112165 0.118940
0 84 0.198509 0.165763 0.169377 0.114423
0 85 0.642593 0.668519 0.144444 0.148148
0 86 0.635878 0.653568 0.127221 0.088829
0 87 0.322132 0.774315 0.147967 0.067148
0 88 0.390093 0.809018 0.088829 0.076031
0 89 0.524466 0.140545 0.050437 0.076031
0 90 0.260648 0.484722 0.073148 0.112037
0 91 0.151837 0.649804 0.106143 0.155074