0 77 0.454167 0.362500 0.078704 0.121296
0 78 0.324537 0.473148 0.128704 0.114815
0 79 0.380819 0.651295 0.072749 0.206293
0 80 0.299887 0.328113 0.127718 0.111917
0 81 0.372403 0.311051 0.112165 0.093345
0 82 0.558796 0.241667 0.052778 0.162963
0 83 0.261574 0.586574 0.130556 0.063889
0 84 0.245935 0.128124 0.110659 0.055706
0 85 0.678248 0.669587 0.123133 0.164529
0 86 0.617435 0.643029 0.120446 0.070762
0 87 0.452951 0.735622 0.176905 0.082806
0 88 0.336111 0.796296 0.125926 0.103704
0 89 0.462033 0.158841 0.125813 0.048472
0 90 0.253704 0.469444 0.057407 0.131481
0 91 0.096883 0.555330 0.053448 0.164860