0 77 0.413923 0.386382 0.152582 0.073668
0 78 0.355556 0.501852 0.114815 0.148148
0 79 0.352691 0.675809 0.110938 0.197915
0 80 0.305029 0.327612 0.106896 0.106896
0 81 0.375000 0.295833 0.133333 0.082407
0 82 0.556019 0.246759 0.058333 0.167593
0 83 0.231019 0.578704 0.126852 0.077778
0 84 0.234643 0.138287 0.149804 0.073020
0 85 0.682328 0.668537 0.115620 0.176325
0 86 0.629630 0.640741 0.135185 0.092593
0 87 0.390741 0.737963 0.187037 0.077778
0 88 0.364751 0.794316 0.131986 0.117480
0 89 0.483815 0.170656 0.160343 0.066998
0 90 0.266204 0.478241 0.069444 0.108333
0 91 0.113426 0.592593 0.087963 0.150000