0 77 0.500000 0.340410 0.126468 0.109907
0 78 0.285648 0.431481 0.156481 0.112963
0 79 0.380556 0.622685 0.057407 0.200926
0 80 0.293056 0.322222 0.121296 0.088889
0 81 0.401762 0.312556 0.113671 0.076784
0 82 0.544444 0.231481 0.111111 0.131481
0 83 0.289352 0.550463 0.069444 0.132407
0 84 0.261743 0.118714 0.112165 0.041403
0 85 0.686296 0.657253 0.118150 0.191049
0 86 0.616305 0.626844 0.136254 0.089581
0 87 0.481481 0.743981 0.111111 0.049074
0 88 0.302315 0.785185 0.132407 0.072222
0 89 0.439777 0.177055 0.103884 0.072267
0 90 0.253241 0.479630 0.056481 0.112963
0 91 0.075429 0.525595 0.067751 0.174646