0 77 0.475926 0.350000 0.114815 0.075926
0 78 0.303241 0.435648 0.149074 0.123148
0 79 0.380556 0.634259 0.062963 0.201852
0 80 0.300463 0.325463 0.108333 0.097222
0 81 0.391599 0.309922 0.120446 0.080548
0 82 0.542909 0.242171 0.094851 0.134749
0 83 0.276389 0.557870 0.076852 0.121296
0 84 0.247064 0.122478 0.115929 0.038392
0 85 0.690466 0.667589 0.102401 0.174082
0 86 0.615176 0.630232 0.141524 0.079795
0 87 0.490278 0.740741 0.162037 0.061111
0 88 0.329630 0.782407 0.098148 0.064815
0 89 0.438426 0.165741 0.123148 0.057407
0 90 0.251852 0.470833 0.061111 0.128704
0 91 0.083333 0.529630 0.044444 0.187037