0 77 0.338528 0.274541 0.127221 0.092593
0 78 0.331019 0.618981 0.093519 0.175000
0 79 0.364352 0.743981 0.073148 0.200926
0 80 0.343526 0.356534 0.078079 0.139386
0 81 0.319708 0.287338 0.143782 0.068503
0 82 0.527477 0.216953 0.133243 0.105390
0 83 0.152966 0.503011 0.061728 0.141524
0 84 0.149202 0.208672 0.112918 0.153568
0 85 0.652778 0.691204 0.192593 0.093519
0 86 0.680292 0.654321 0.166366 0.067751
0 87 0.288467 0.776649 0.133996 0.066998
0 88 0.432870 0.811111 0.069444 0.100000
0 89 0.541780 0.131888 0.107648 0.060223
0 90 0.266204 0.488889 0.047222 0.120370
0 91 0.191358 0.679916 0.093345 0.120446