0 77 0.375414 0.352454 0.103132 0.093345
0 78 0.381019 0.548611 0.117593 0.100926
0 79 0.380360 0.699511 0.064634 0.185140
0 80 0.318270 0.348935 0.081918 0.106406
0 81 0.346808 0.297124 0.143782 0.060976
0 82 0.549684 0.234267 0.111412 0.141524
0 83 0.186574 0.576389 0.113889 0.126852
0 84 0.219587 0.155977 0.188949 0.111412
0 85 0.664111 0.657486 0.094843 0.190899
0 86 0.637383 0.658838 0.115176 0.072267
0 87 0.320461 0.751430 0.149804 0.100873
0 88 0.403241 0.817593 0.082407 0.066667
0 89 0.519572 0.149955 0.061728 0.100873
0 90 0.267130 0.483333 0.065741 0.111111
0 91 0.137534 0.617811 0.112165 0.163354