0 77 0.335140 0.293737 0.090334 0.106896
0 78 0.334259 0.608796 0.100000 0.178704
0 79 0.368056 0.734722 0.080556 0.223148
0 80 0.332882 0.356971 0.070762 0.130985
0 81 0.332724 0.276735 0.135818 0.070137
0 82 0.534252 0.213942 0.140771 0.109907
0 83 0.151389 0.511111 0.049074 0.131481
0 84 0.154095 0.212060 0.106143 0.143782
0 85 0.651389 0.677315 0.187963 0.115741
0 86 0.673517 0.652063 0.145288 0.075279
0 87 0.279810 0.787564 0.131737 0.063234
0 88 0.423611 0.815278 0.080556 0.086111
0 89 0.530864 0.132264 0.091840 0.056459
0 90 0.271296 0.485648 0.051852 0.115741
0 91 0.187970 0.686314 0.104637 0.137760