0 77 0.416644 0.380533 0.129073 0.073321
0 78 0.355093 0.503241 0.106481 0.136111
0 79 0.377778 0.650926 0.061111 0.150000
0 80 0.303147 0.337398 0.127221 0.112918
0 81 0.375000 0.300463 0.131481 0.086111
0 82 0.557870 0.243519 0.060185 0.166667
0 83 0.236574 0.582407 0.134259 0.075926
0 84 0.260238 0.138287 0.176905 0.070009
0 85 0.687515 0.666712 0.127830 0.176965
0 86 0.617130 0.642130 0.136111 0.086111
0 87 0.410648 0.723148 0.219444 0.070370
0 88 0.374537 0.802778 0.093519 0.109259
0 89 0.486450 0.172538 0.149051 0.064740
0 90 0.263863 0.470314 0.066719 0.116780
0 91 0.111939 0.584688 0.070009 0.157332