0 77 0.421771 0.374375 0.117314 0.106715
0 78 0.347418 0.486198 0.108868 0.159086
0 79 0.375847 0.660381 0.072380 0.179238
0 80 0.306911 0.338904 0.115176 0.109907
0 81 0.373611 0.299074 0.125000 0.085185
0 82 0.557407 0.241667 0.061111 0.168519
0 83 0.241204 0.582407 0.132407 0.064815
0 84 0.257603 0.133394 0.170129 0.067751
0 85 0.685486 0.671786 0.110509 0.174947
0 86 0.614800 0.644158 0.142276 0.089581
0 87 0.416667 0.718981 0.214815 0.063889
0 88 0.362963 0.799074 0.105556 0.114815
0 89 0.478546 0.173291 0.151310 0.073773
0 90 0.265278 0.479167 0.063889 0.097222
0 91 0.108175 0.580548 0.073020 0.156579