0 77 0.409782 0.388697 0.151829 0.066027
0 78 0.354167 0.504167 0.113889 0.147222
0 79 0.368263 0.661849 0.087323 0.173141
0 80 0.300136 0.333258 0.116682 0.103132
0 81 0.374661 0.300512 0.131737 0.082806
0 82 0.556481 0.246296 0.057407 0.168519
0 83 0.234722 0.580556 0.130556 0.077778
0 84 0.237654 0.136028 0.139265 0.068503
0 85 0.680044 0.667559 0.117690 0.181549
0 86 0.621951 0.639265 0.144535 0.099368
0 87 0.405736 0.740108 0.187037 0.075926
0 88 0.359628 0.796341 0.136299 0.118428
0 89 0.486826 0.168774 0.139265 0.063234
0 90 0.266204 0.477778 0.069444 0.107407
0 91 0.112037 0.588889 0.085185 0.153704