0 77 0.320370 0.337500 0.103704 0.149074
0 78 0.367999 0.558273 0.118519 0.153704
0 79 0.371650 0.692713 0.083559 0.185185
0 81 0.348126 0.291437 0.159214 0.058800
0 82 0.548555 0.223728 0.161849 0.143029
0 83 0.166893 0.537263 0.106143 0.133243
0 84 0.187970 0.167645 0.160343 0.125715
0 85 0.646759 0.670833 0.143519 0.150926
0 86 0.648299 0.661096 0.115929 0.072267
0 87 0.294490 0.778907 0.132490 0.048931
0 88 0.400256 0.805254 0.101626 0.086570
0 89 0.530488 0.132264 0.065492 0.063987
0 90 0.262500 0.486574 0.067593 0.110185
0 91 0.153342 0.648299 0.119693 0.159590