0 77 0.483062 0.352830 0.131737 0.095604
0 78 0.301852 0.437500 0.151852 0.121296
0 79 0.381944 0.640741 0.065741 0.216667
0 80 0.301852 0.325463 0.109259 0.102778
0 81 0.399880 0.311427 0.133996 0.080548
0 82 0.556835 0.240289 0.088076 0.135501
0 83 0.267130 0.559722 0.080556 0.117593
0 84 0.250828 0.120973 0.126468 0.048931
0 85 0.688528 0.668515 0.097019 0.175933
0 86 0.614423 0.637760 0.156579 0.081301
0 87 0.483796 0.739815 0.163889 0.066667
0 88 0.330093 0.789352 0.097222 0.069444
0 89 0.453704 0.166893 0.101626 0.070009
0 90 0.252778 0.471759 0.059259 0.123148
0 91 0.082407 0.554630 0.044444 0.140741