0 77 0.372685 0.353704 0.128704 0.103704
0 78 0.382407 0.522222 0.107407 0.133333
0 79 0.375038 0.695724 0.078290 0.207769
0 80 0.309545 0.342291 0.087323 0.104637
0 81 0.352695 0.305608 0.128997 0.077943
0 82 0.552319 0.232761 0.110659 0.135501
0 83 0.187963 0.583333 0.109259 0.124074
0 84 0.216200 0.154095 0.164107 0.103132
0 85 0.648611 0.667593 0.112037 0.164815
0 86 0.643029 0.656203 0.106896 0.070009
0 87 0.332129 0.732234 0.173141 0.143782
0 88 0.401852 0.813889 0.085185 0.072222
0 89 0.512045 0.167269 0.063234 0.130985
0 90 0.268056 0.486111 0.067593 0.105556
0 91 0.130382 0.621951 0.103884 0.156579