0 77 0.375000 0.355093 0.127778 0.102778
0 78 0.381944 0.523148 0.106481 0.129630
0 79 0.378967 0.692480 0.074947 0.190169
0 80 0.315191 0.349819 0.097109 0.107648
0 81 0.355465 0.305029 0.126468 0.082806
0 82 0.552319 0.238031 0.097109 0.135501
0 83 0.189815 0.584722 0.109259 0.123148
0 84 0.224481 0.153342 0.177657 0.106143
0 85 0.650000 0.671296 0.107407 0.157407
0 86 0.649537 0.641667 0.106481 0.100000
0 87 0.339280 0.741268 0.182927 0.142276
0 88 0.397245 0.801114 0.097109 0.105390
0 89 0.509590 0.178162 0.063625 0.137805
0 90 0.268056 0.485648 0.067593 0.106481
0 91 0.124737 0.612541 0.101626 0.158838