0 77 0.369907 0.352315 0.123148 0.104630
0 78 0.381481 0.523148 0.112963 0.138889
0 79 0.376543 0.691584 0.081301 0.213038
0 80 0.317826 0.344173 0.090334 0.106896
0 81 0.353621 0.305014 0.133168 0.069286
0 82 0.552846 0.240760 0.109606 0.146605
0 83 0.188426 0.578704 0.112037 0.116667
0 84 0.214694 0.153719 0.173141 0.103884
0 85 0.649074 0.663426 0.116667 0.173148
0 86 0.640771 0.646417 0.118940 0.088076
0 87 0.327612 0.726965 0.167118 0.149804
0 88 0.401389 0.811111 0.087963 0.079630
0 89 0.519572 0.166140 0.076784 0.125715
0 90 0.267593 0.485185 0.068519 0.107407
0 91 0.131135 0.617811 0.109907 0.154321