0 77 0.482310 0.346055 0.133243 0.098615
0 78 0.307407 0.438889 0.140741 0.118519
0 79 0.383333 0.626852 0.072222 0.214815
0 80 0.291667 0.330556 0.131481 0.114815
0 81 0.397621 0.313686 0.123457 0.079042
0 82 0.556459 0.238407 0.076784 0.140771
0 83 0.273148 0.558333 0.077778 0.118519
0 84 0.241418 0.122478 0.136254 0.038392
0 85 0.690929 0.668225 0.103327 0.178365
0 86 0.618519 0.634259 0.138889 0.075926
0 87 0.487963 0.740741 0.164815 0.064815
0 88 0.330556 0.785648 0.092593 0.067593
0 89 0.443917 0.164634 0.115176 0.066998
0 90 0.252315 0.471296 0.060185 0.124074
0 91 0.083796 0.542130 0.043519 0.163889