0 77 0.372403 0.353583 0.086570 0.124210
0 78 0.369907 0.554630 0.119444 0.111111
0 79 0.370145 0.693466 0.066998 0.164107
0 80 0.333258 0.355465 0.056459 0.114423
0 81 0.347429 0.298355 0.148562 0.061525
0 82 0.548148 0.226852 0.125926 0.131481
0 83 0.190278 0.549074 0.110185 0.100000
0 84 0.200768 0.163129 0.181421 0.112165
0 85 0.655759 0.653606 0.121816 0.192788
0 86 0.637007 0.654321 0.137007 0.085818
0 87 0.315568 0.766862 0.185185 0.062481
0 88 0.388588 0.813159 0.109907 0.084312
0 89 0.525595 0.141674 0.057212 0.084312
0 90 0.263889 0.488889 0.072222 0.101852
0 91 0.154630 0.646759 0.083333 0.134259