0 77 0.481933 0.357724 0.127974 0.093345
0 78 0.309722 0.447685 0.139815 0.126852
0 79 0.383333 0.637500 0.066667 0.208333
0 80 0.300926 0.325926 0.112963 0.105556
0 81 0.393104 0.314062 0.118940 0.087323
0 82 0.558717 0.244429 0.090334 0.155827
0 83 0.262037 0.559722 0.085185 0.102778
0 84 0.251204 0.123231 0.109154 0.045920
0 85 0.687022 0.666806 0.100030 0.183055
0 86 0.614423 0.635501 0.138512 0.075279
0 87 0.461111 0.732407 0.127778 0.074074
0 88 0.331481 0.790278 0.101852 0.080556
0 89 0.454456 0.164634 0.109154 0.062481
0 90 0.253241 0.472222 0.058333 0.125926
0 91 0.095378 0.541403 0.060976 0.177657