0 77 0.401385 0.388964 0.129479 0.073020
0 78 0.371650 0.513234 0.086570 0.143902
0 79 0.375414 0.684432 0.070009 0.188196
0 80 0.311051 0.338904 0.088829 0.106896
0 81 0.358890 0.305593 0.127145 0.084688
0 82 0.551566 0.248193 0.073020 0.149804
0 83 0.202315 0.579167 0.123148 0.099074
0 84 0.215824 0.148826 0.137760 0.088076
0 85 0.675399 0.712285 0.063234 0.097862
0 86 0.648502 0.642276 0.115522 0.099368
0 87 0.349443 0.752183 0.194219 0.138512
0 88 0.394234 0.797727 0.103132 0.110659
0 89 0.496236 0.161247 0.093345 0.090334
0 90 0.267130 0.480556 0.075000 0.112963
0 91 0.119843 0.598991 0.109907 0.164860