0 77 0.362485 0.348242 0.089845 0.137903
0 78 0.379788 0.555119 0.136540 0.123788
0 79 0.365251 0.710780 0.072267 0.192713
0 80 0.336269 0.353960 0.073020 0.117435
0 81 0.350064 0.293579 0.153832 0.057528
0 82 0.548611 0.224537 0.128704 0.132407
0 83 0.187037 0.537037 0.101852 0.098148
0 84 0.195498 0.166140 0.164860 0.119693
0 85 0.638983 0.648600 0.139077 0.184282
0 86 0.628350 0.656956 0.137760 0.092593
0 87 0.316697 0.770250 0.176905 0.066245
0 88 0.391975 0.812406 0.088076 0.084312
0 89 0.530111 0.137910 0.054201 0.079795
0 90 0.262037 0.486111 0.074074 0.109259
0 91 0.157407 0.652315 0.085185 0.139815