0 77 0.338528 0.334387 0.080548 0.156579
0 78 0.353241 0.591667 0.113889 0.168519
0 79 0.364499 0.711533 0.084312 0.237880
0 81 0.337760 0.280612 0.134779 0.059372
0 82 0.546296 0.213942 0.152815 0.127974
0 83 0.157483 0.527477 0.066245 0.151310
0 84 0.177055 0.175173 0.162602 0.119693
0 85 0.637383 0.669000 0.178410 0.127221
0 86 0.672388 0.650181 0.126468 0.089581
0 87 0.269444 0.778704 0.112963 0.059259
0 88 0.409289 0.810524 0.095604 0.101626
0 89 0.538016 0.138287 0.082054 0.076031
0 90 0.264815 0.485648 0.059259 0.112037
0 91 0.168774 0.663731 0.115929 0.175399