0 77 0.337959 0.332987 0.070378 0.154863
0 78 0.355556 0.593519 0.111111 0.135185
0 79 0.367886 0.709651 0.070009 0.228094
0 81 0.353207 0.286962 0.173141 0.067751
0 82 0.548178 0.216953 0.156579 0.118940
0 83 0.164258 0.526724 0.084312 0.133243
0 84 0.189852 0.178184 0.161096 0.131737
0 85 0.644907 0.681481 0.165741 0.118519
0 86 0.659590 0.653945 0.121951 0.068503
0 87 0.268981 0.777778 0.102778 0.059259
0 88 0.414559 0.803372 0.080548 0.084312
0 89 0.542532 0.132641 0.080548 0.067751
0 90 0.255345 0.481180 0.075279 0.121951
0 91 0.170280 0.664484 0.096357 0.157332