0 77 0.397621 0.394234 0.133996 0.077537
0 78 0.367886 0.509033 0.109154 0.167118
0 79 0.377296 0.681798 0.061728 0.155827
0 80 0.308793 0.328741 0.099368 0.107648
0 81 0.369313 0.297553 0.136412 0.079901
0 82 0.561352 0.252334 0.077537 0.155074
0 83 0.208333 0.578241 0.112963 0.093519
0 84 0.218082 0.142803 0.134749 0.088076
0 85 0.673893 0.695724 0.097862 0.141524
0 86 0.649428 0.638512 0.119693 0.106896
0 87 0.356218 0.749548 0.188196 0.134749
0 88 0.387835 0.802996 0.093345 0.115176
0 89 0.485321 0.158612 0.119693 0.074526
0 90 0.266204 0.484259 0.069444 0.103704
0 91 0.118519 0.599537 0.098148 0.160185