0 77 0.422591 0.362120 0.108145 0.120205
0 78 0.350000 0.482870 0.100000 0.156481
0 79 0.379178 0.661849 0.065492 0.191207
0 80 0.315278 0.338426 0.106481 0.115741
0 81 0.374537 0.308796 0.126852 0.102778
0 82 0.560599 0.241795 0.065492 0.162602
0 83 0.246759 0.583796 0.139815 0.060185
0 84 0.242924 0.132264 0.133243 0.056459
0 85 0.689630 0.668620 0.107039 0.179170
0 86 0.614352 0.642593 0.139815 0.075926
0 87 0.419444 0.722685 0.203704 0.075000
0 88 0.362037 0.804630 0.101852 0.109259
0 89 0.475911 0.164634 0.132490 0.059470
0 90 0.265741 0.475463 0.062963 0.106481
0 91 0.105164 0.577160 0.066998 0.155827