0 77 0.399394 0.392096 0.122922 0.081813
0 78 0.360735 0.508657 0.118940 0.164860
0 79 0.380684 0.676152 0.091087 0.185185
0 80 0.309169 0.335893 0.104637 0.100873
0 81 0.378049 0.303147 0.150557 0.088076
0 82 0.558333 0.249074 0.057407 0.168519
0 83 0.218981 0.575926 0.126852 0.087037
0 84 0.212812 0.140545 0.130232 0.082054
0 85 0.671899 0.678963 0.119919 0.164506
0 86 0.641524 0.638136 0.127974 0.104637
0 87 0.365251 0.746161 0.191207 0.114423
0 88 0.385200 0.806384 0.095604 0.096357
0 89 0.492472 0.157859 0.146040 0.063987
0 90 0.265278 0.484722 0.069444 0.102778
0 91 0.117593 0.599537 0.096296 0.158333