0 77 0.340786 0.331752 0.063987 0.155827
0 78 0.351852 0.591204 0.112963 0.150926
0 79 0.363746 0.710027 0.066245 0.219813
0 81 0.337775 0.283198 0.145288 0.063234
0 82 0.542156 0.225986 0.137007 0.140018
0 83 0.169527 0.527477 0.069256 0.130232
0 84 0.190605 0.184583 0.162602 0.114423
0 85 0.646759 0.687963 0.176852 0.101852
0 86 0.681421 0.644535 0.143029 0.088829
0 87 0.267130 0.778241 0.104630 0.063889
0 88 0.414935 0.813535 0.081301 0.079042
0 89 0.534628 0.132641 0.063234 0.061728
0 90 0.267389 0.490214 0.054201 0.115929
0 91 0.171033 0.666366 0.109907 0.149051