0 77 0.335516 0.272659 0.113671 0.097862
0 78 0.331376 0.611789 0.106896 0.208522
0 79 0.358100 0.737880 0.073020 0.233363
0 80 0.339280 0.361488 0.071515 0.127974
0 81 0.309922 0.288844 0.118187 0.062481
0 82 0.529359 0.219964 0.130985 0.109907
0 83 0.155977 0.500753 0.052695 0.129479
0 84 0.134523 0.218458 0.086570 0.156579
0 85 0.641621 0.688874 0.171439 0.099217
0 86 0.674270 0.665236 0.149804 0.070009
0 87 0.277176 0.774014 0.118940 0.084312
0 88 0.424345 0.801491 0.094098 0.115176
0 89 0.523336 0.133017 0.112918 0.062481
0 90 0.265507 0.489837 0.063987 0.125715
0 91 0.200391 0.693842 0.088829 0.124210